,o,h,l,c,v,sma9,sma20,sma50,sma200,lower,upper,atr
0,21.82,23.1,21.08,22.68,982932,,,,,,,2.020000000000003
<<<<<<< HEAD
1,23.01,23.5,22.1107,23.42,731612,,,,,20.866535040631025,23.58284271247462,1.9749500000000029
2,23.58,23.98,22.47,22.72,665567,,,,,22.036286533519675,24.079411254969543,1.9417392857142886
3,23.14,23.245,22.0361,22.18,887885,,,,,21.94623636764316,24.132223484172115,1.8893936224489822
4,22.0,22.49,20.81,21.19,1361471,,,,,20.556066375587168,23.401365619795857,1.8744369351311978
5,20.56,20.74,19.21,19.65,2376780,,,,,18.87862915010151,22.85243686707647,1.881977154050398
6,12.0,17.26,10.4,10.4,3688880,,,,,8.575389257746505,21.460731598529197,2.408264500189655
7,12.45,14.13,10.53,13.85,7849798,,,,,10.37307611844433,17.90824422511392,2.502674178747537
8,13.32,14.8,12.48,14.1,5096674,18.91,,,,10.126141776686145,14.938761543395117,2.4896260231227134
9,12.51,12.89,10.81,10.87,4324886,17.6,,,,10.464131675418368,15.195573952066354,2.5467955928996626
10,11.97,12.18,10.55,10.94,3253922,16.21,,,,10.496152236890808,13.037045814642587,2.48131019340683
11,10.38,10.4,9.15,9.44,3233958,14.74,,,,8.860050506338697,12.548650070512112,2.4319308938777704
12,9.6,9.7425,8.25,8.48,3051208,13.21,,,,8.063603896931868,10.536172708630328,2.3648286871722153
13,8.01,8.15,4.98,6.77,5150092,11.61,,,,4.302760825519913,10.072317549039653,2.4459123523742
14,6.97,9.99,6.51,7.9001,4336232,10.31,,,,4.663126624784409,10.371076477383314,2.5197757557760427
15,8.25,11.8,8.2,9.51,8836984,10.21,,,,6.159989539794594,12.174863273947707,2.618356058934897
16,9.4,9.68,7.95,8.28,3354396,9.59,,,,7.898223304702463,12.239066376115531,2.5549020547252614
17,8.75,9.68,7.78,7.94,2864346,8.9,,,,7.7447918471969395,9.680000391421483,2.5081233365306
18,8.31,8.89,7.14,8.16,4326276,8.6,,,,7.007451660040238,9.843614357137511,2.4539716696355574
19,8.33,9.05,8.05,8.26,3157768,8.3,13.34,,,6.9515328291199845,9.083137084990549,2.350116550375875
20,8.09,8.13,7.0101,7.15,2843704,8.05,12.56,,,6.794729658243884,9.240538238691748,2.2715296539204552
21,7.26,7.47,6.8,7.19,2326200,7.91,11.75,,,6.756486865271522,8.266690475583305,2.157134678640423
22,7.44,8.74,7.13,8.64,3315846,8.11,11.05,,,6.731654762207689,9.00302561210701,2.1180536301661075
23,8.24,8.5125,7.58,8.25,1956356,8.15,10.35,,,7.0368019484655235,8.787116792720443,2.0424783708685283
24,8.61,10.0,8.42,9.0,2451386,8.1,9.74,,,7.406030303803032,10.308071337015063,2.0215870586636333
25,9.31,9.5128,8.0,8.87,2098190,8.16,9.2,,,7.913015151901124,10.100902423794308,1.9852451259019452
26,8.71,9.15,8.34,8.51,2135594,8.23,9.11,,,7.92958369439592,9.587938340214786,1.9012990454803778
27,9.03,9.72,8.4,8.43,3502642,8.26,8.83,,,8.327573593125189,9.838050865276527,1.8597776850889223
28,8.73,9.4,8.69,9.04,3050018,8.34,8.58,,,8.339939033455167,9.78627416998004,1.7962221361539994
29,9.58,10.79,9.26,9.54,3468734,8.61,8.52,,,8.571949134723313,11.077878425849375,1.7929205550001424
30,10.39,10.73,9.51,9.53,2902790,8.87,8.44,,,9.208223304702596,10.80242640687289,1.751997658214418
31,9.6,9.99,9.235,9.53,2237940,8.97,8.45,,,9.178045635172998,10.883259018078187,1.6807835397705313
32,9.3,9.38,8.63,9.17,1924020,9.07,8.48,,,8.504700397381802,10.116335136523972,1.625013286929779
33,9.22,9.2421,8.68,8.84,1190626,9.05,8.59,,,8.61964466093643,9.40856002512643,1.5490909092919378
34,9.2,9.43,8.82,9.2,3689722,9.09,8.65,,,8.651005050632387,9.468915364185543,1.4820129871996566
35,8.6,9.64,8.25,9.265,4924656,9.17,8.64,,,8.131949134723289,9.683492424049705,1.47544063097111
36,9.04,10.21,8.9,10.17,2433228,9.36,8.73,,,8.115380592228412,10.328050865276527,1.4636234430446022
37,10.63,11.2,10.1,10.115,2102546,9.48,8.84,,,8.651471862575987,11.405035713374792,1.4376503399699878
38,10.35,10.7,10.13,10.56,1855298,9.6,8.96,,,10.093786796558726,11.303553390593494,1.3767467442578458
39,10.73,10.9051,9.65,10.1,2370156,9.66,9.06,,,9.550588745030089,10.9475776008219,1.3680576910965712
40,10.11,10.44,9.83,10.06,4098428,9.72,9.2,,,9.612720779385413,11.0014253639301,1.3139107131611019
41,10.11,10.93,10.11,10.82,2257876,9.9,9.38,,,9.772010101267142,11.031482322781635,1.282202805078166
42,11.2,12.73,11.2,12.45,4007188,10.3,9.57,,,9.88425360850652,13.102792206135842,1.327045461858297
43,12.62,13.145,12.1,12.11,3901314,10.63,9.77,,,11.01360389693196,13.230949314192653,1.3068993574398473
44,11.85,12.0675,11.05,11.16,3380630,10.84,9.87,,,10.832537879753998,13.368157556728596,1.2892636890512867
45,10.82,11.55,10.6,11.5,1601702,10.99,10.0,,,10.50680194846571,12.174677759264243,1.2650305684047662
46,12.65,12.7436,11.71,12.07,2271499,11.2,10.18,,,10.370111472882803,12.99080265402435,1.2634998135187117
47,12.2,12.6,11.25,11.45,2118276,11.3,10.33,,,11.154730880653892,12.773340533779098,1.269678398267375
48,11.58,12.57,11.5,12.42,2083186,11.56,10.5,,,11.198223304702806,12.606213203439,1.2589870841054196
49,12.21,12.35,11.61,12.2801,1568520,11.81,10.64,11.28,,11.477218254068264,12.615563491861506,1.2269165780978897
50,12.08,12.18,11.68,12.09,998834,11.95,10.77,11.07,,11.59550252531507,12.385208152802317,1.1821439653766117
51,11.95,12.62,11.935,12.165,1391377,11.92,10.9,10.85,,11.627187770796937,12.711126983722313,1.1466336821354253
52,12.29,12.36,11.5757,12.07,2953076,11.91,11.04,10.63,,11.501286533519318,12.673847763108894,1.1207527048400379
53,11.81,12.66,11.38,12.26,1473436,12.03,11.22,10.43,,11.3394692029211,12.722132034356303,1.132127511637178
54,12.58,12.95,12.22,12.9,987031,12.19,11.4,10.27,,11.20603030380315,13.010060966544446,1.103404117948808
55,13.5,14.31,13.5,14.02,2289929,12.41,11.64,10.16,,11.954903320081145,14.591665222413775,1.1253038238096076
56,14.25,14.97,14.06,14.55,1531200,12.75,11.86,10.24,,13.38402020253541,15.106690475583255,1.1127821221089214
57,14.95,15.92,14.9194,15.47,2337053,13.09,12.13,10.27,,13.882012432248223,16.116751442127303,1.1311548276725698
58,15.5,15.77,15.21,15.49,1223148,13.45,12.37,10.3,,14.859214769387071,15.951066017178485,1.090358054267386
59,15.26,15.96,15.06,15.94,977892,13.87,12.66,10.4,,15.028933982821803,15.999350288425841,1.0767610503911442
60,16.52,16.945,16.15,16.835,1605068,14.39,13.0,10.52,,14.834253608506645,17.149000179468825,1.0716352610774913
61,17.0,17.42,16.64,17.1,1145974,14.95,13.32,10.67,,16.04851767721858,17.518375721063762,1.0508041710005278
62,17.34,17.7,16.84,17.29,1060987,15.51,13.56,10.85,,16.598578643762703,17.757989898732493,1.0371753016433471
63,17.16,17.71,16.51,17.28,1850870,16.0,13.82,11.06,,16.44165476220844,17.71207106781913,1.048805637240251
64,17.21,17.94,16.71,16.87,1443996,16.31,14.1,11.24,,16.46857864376268,17.987634559673218,1.0617480917230904
65,17.09,17.515,16.51,17.03,1335408,16.59,14.38,11.39,,16.46857864376268,18.028020382004453,1.0576946566000125
66,17.12,17.71,16.83,17.4,1237076,16.8,14.65,11.57,,16.44372583002031,17.750385822331747,1.0450021811285832
67,17.4,17.96,17.15,17.67,577222,17.05,14.96,11.77,,16.763725830020338,18.01177669529692,1.0282163110479703
68,18.0,18.87,17.88,18.37,1638584,17.32,15.25,11.97,,16.998812049733857,19.058467170879826,1.0404865745445437
69,19.08,19.17,18.43,18.8,1350740,17.53,15.58,12.18,,17.766091270347477,19.232132034356145,1.0233089620770763
70,18.39,18.39,17.21,17.33,1564480,17.56,15.84,12.38,,16.95732972695244,19.331543289325584,1.0637868933572852
71,17.02,17.07,16.28,16.84,1546722,17.51,16.08,12.58,,16.087390693496527,18.6633809511663,1.062802115260336
72,15.64,15.87,14.4101,15.3501,2979098,17.3,16.24,12.71,,14.022831029859267,17.318528137423943,1.160451964170312
73,16.23,16.48,15.71,15.75,662498,17.17,16.41,12.86,,14.14088189513559,16.606335136523974,1.1582696810152897
74,15.01,17.49,14.78,17.37,2084798,17.21,16.64,13.03,,14.587390693496493,17.69917784899851,1.2691075609427689
75,18.3,18.3,16.65,16.7,2384956,17.13,16.77,13.19,,14.392710319181154,18.4677564927612,1.2963141637325715
76,16.78,17.23,16.29,16.41,1330130,16.99,16.86,13.34,,16.21544155877287,18.52160425586968,1.2708631520373879
77,16.15,16.61,15.92,16.04,1602612,16.73,16.89,13.5,,15.843370490960984,17.358406204335814,1.22937292689186
78,16.46,16.78,15.81,15.9,1850484,16.41,16.91,13.63,,15.78721825406945,16.815208152802334,1.2108462892567273
79,15.89,16.45,15.6714,16.44,382479,16.31,16.94,13.77,,15.642695000127498,16.848345237791882,1.1799715543098181
80,16.75,16.75,15.75,15.88,409900,16.2,16.89,13.9,,15.655121406998646,16.81213203435632,1.1671164432876884
81,15.6,15.69,14.5601,15.33,1039555,16.2,16.8,14.01,,14.313663641066107,16.96953318805785,1.178029554481425
82,15.13,15.69,14.64,14.81,1216645,16.1,16.68,14.13,,14.543552168182721,15.690000433800414,1.1688845863041804
83,14.65,14.93,13.77,14.01,630668,15.72,16.52,14.23,,13.589817100367647,15.84740115370196,1.168249972996739
84,14.0,14.3674,13.825,14.0,513066,15.42,16.37,14.33,,13.758609127033676,15.046518275095833,1.123546403496972
85,13.75,14.33,13.6304,14.28,393361,15.19,16.23,14.43,,13.590097020380787,14.375145793620879,1.0932645175329025
86,14.33,14.5899,13.6,14.15,497175,14.98,16.07,14.51,,13.593703953849841,14.643727052431018,1.0858813377091239
87,14.31,14.33,13.36,13.62,975142,14.72,15.87,14.58,,13.310294372514951,14.643727052431018,1.0776040993013294
88,13.91,14.14,13.11,14.04,634271,14.46,15.65,14.65,,13.058223304703075,14.36935028842634,1.0742038064940918
89,13.86,14.22,13.58,14.02,373509,14.25,15.41,14.72,,13.012659812842172,14.236568542497073,1.043189248887371
90,13.96,14.34,13.9,14.18,324166,14.12,15.26,14.81,,13.513725830020107,14.3648528137438,1.0001043025382732
91,14.11,14.195,13.35,13.55,995893,13.98,15.09,14.86,,13.23609127034728,14.37003048327322,0.9890254237855395
92,13.55,13.77,13.32,13.46,654445,13.92,15.0,14.88,,13.31378679656209,14.283020382004697,0.9505236078008581
93,13.49,13.57,12.77,12.995,860783,13.81,14.86,14.9,,12.656091270347265,13.811421356238233,0.9397719215293683
94,12.92,13.25,12.67,12.71,766435,13.64,14.63,14.93,,12.64928932188056,13.636274169980291,0.9140739271344135
95,13.04,13.47,12.77,13.32,824201,13.54,14.46,14.97,,12.64928932188056,13.515563491861915,0.9030686466248126
96,13.25,13.56,12.95,13.3,288913,13.51,14.3,14.99,,12.732720779386,13.578639610308883,0.8821351718658975
97,13.24,13.56,13.11,13.39,438640,13.44,14.17,15.03,,12.916862915009698,13.56000051476196,0.8512683738754764
98,13.35,13.6,13.15,13.32,410480,13.36,14.04,15.05,,13.101715728750776,13.608284271252128,0.8226063471700852
99,13.5,14.615,13.49,14.58,523211,13.4,13.95,15.09,,13.079583694396378,14.825213382904511,0.8563487509436506
100,14.37,14.61,14.12,14.31,188850,13.49,13.87,15.14,,13.359522727852385,14.616035533937065,0.8301809830191041
101,14.36,14.49,13.92,14.01,360102,13.55,13.8,15.17,,13.878578643762426,14.634852813743697,0.8115966270891681
102,14.23,14.3,13.7315,13.84,223657,13.64,13.75,15.21,,13.692460371746035,14.529350288426297,0.7942325822970847
103,13.88,14.045,13.54,13.93,198192,13.78,13.75,15.24,,13.500339051402463,14.352812229203233,0.7735731121330073
104,13.8,14.325,13.7915,14.12,715564,13.87,13.76,15.27,,13.487912644531347,14.382989898732834,0.7564250326949354
105,14.25,15.08,13.97,14.79,1108898,14.03,13.78,15.28,,13.754531439557885,15.236365619796043,0.7816803875024401
106,14.93,14.9899,14.17,14.26,713490,14.13,13.79,15.28,,13.928578643762428,15.098660320986479,0.7844103598236944
107,14.36,14.46,14.0218,14.38,975012,14.25,13.83,15.26,,13.991106775027804,15.099645883351037,0.7596810484077163
108,14.28,14.87,14.11,14.82,975690,14.27,13.86,15.24,,14.00353318189875,14.954913780286859,0.759703830664308
109,14.57,15.04,14.42,14.73,1900788,14.32,13.9,15.22,,14.045796897832012,15.075208152802558,0.7497249856168574
110,15.03,15.46,14.9401,15.21,1369598,14.45,13.95,15.19,,14.312283763104796,15.546984848098665,0.7483160580727962
111,14.81,15.35,14.7297,15.09,1255270,14.59,14.03,15.15,,14.68612473323816,15.482781745931673,0.7391720539247394
112,14.91,15.05,14.57,15.0,1128839,14.71,14.11,15.1,,14.536925047044242,15.41213203435641,0.7235169072158295
113,14.85,15.72,14.85,15.61,1827226,14.88,14.24,15.07,,14.512010101267618,15.858761543395175,0.7339799852718417
114,15.75,16.18,15.285,15.46,1384308,14.95,14.37,15.04,,14.759908550183765,16.275269119346035,0.7454814148952815
115,15.62,15.65,15.17,15.4,625732,15.08,14.48,15.01,,15.146182720163239,16.28976659402906,0.7265184566884758
116,15.55,15.96,15.23,15.61,665973,15.21,14.59,14.97,,15.15757359312821,16.024203102168176,0.7267671383535848
117,15.5,15.94,15.43,15.91,545405,15.34,14.72,14.93,,15.188578643762522,15.964142135628885,0.7112837713283287
118,15.88,16.08,15.36,15.36,878332,15.41,14.82,14.87,,15.345502525316471,16.10899494936683,0.7119063590905909
119,15.22,15.3,14.77,14.905,813660,15.37,14.84,14.8,,14.647806999099872,16.241543289325648,0.7031987620126915
120,14.99,14.99,14.32,14.35,975348,15.29,14.84,14.74,,14.226801948465953,15.364203102168263,0.7008274218689278
121,14.14,14.292,13.89,14.0,932662,15.18,14.84,14.68,,13.800944084089663,15.134560533268427,0.6836254631640043
122,14.02,14.02,13.41,13.72,965360,14.97,14.83,14.65,,13.310588745030334,14.348333044483367,0.6783665015094325
123,13.75,13.85,13.46,13.5,1276364,14.75,14.81,14.6,,13.399644660939423,14.055208152802765,0.6577688942587586
124,13.51,13.51,12.88,13.25,1915610,14.51,14.77,14.52,,12.759878066911691,13.920416305603979,0.6557854018117044
125,13.14,13.38,12.8,12.85,940186,14.2,14.67,14.44,,12.783431457504198,13.536923881555778,0.6503721588251542
126,12.75,13.26,12.5,13.12,1529152,13.9,14.61,14.38,,12.437867965643793,13.404852813744084,0.6582027189090718
127,13.22,13.64,12.84,13.48,977540,13.69,14.57,14.33,,12.42958369439636,13.718700576851408,0.6683310961298524
128,13.4,13.73,13.165,13.55,1154520,13.54,14.51,14.28,,12.772690296114165,13.7486396103089,0.6609503035491489
129,13.01,13.49,12.93,13.03,1341436,13.39,14.42,14.21,,12.881329906420877,13.779705627485571,0.6580252818670669
130,13.05,13.43,12.95,13.17,1392958,13.3,14.32,14.16,,12.925857864372844,13.5024264068745,0.6453091903051337
131,13.09,13.3,12.67,12.895,818618,13.2,14.21,14.11,,12.612010101267513,13.456923881555802,0.6442156767119099
132,12.99,13.09,12.21,12.63,903140,13.11,14.09,14.06,,12.114730880654022,13.343492424050163,0.6610574140896306
133,12.29,12.47,11.8675,12.32,1194827,13.0,13.93,14.03,,11.79656592744336,13.218406204336015,0.6683033130832284
134,12.37,12.5,12.04,12.26,1175352,12.94,13.77,14.0,,11.831774080244822,12.506213203443323,0.653424505005855
135,12.21,12.23,11.77,11.77,847614,12.79,13.58,13.95,,11.714081169079309,12.555918830921238,0.6417513260768655
136,11.82,12.21,11.8101,12.06,826556,12.63,13.41,13.9,,11.76169501807219,12.234142135635786,0.6273405170713752
137,12.15,12.58,12.08,12.42,582972,12.51,13.23,13.88,,11.754201879757433,12.656629509039652,0.6196733372805627
138,12.45,12.67,11.9,11.91,500633,12.38,13.06,13.84,,11.862720779385953,12.688639610309297,0.6304109560462368
139,11.95,12.39,11.94,12.05,479573,12.26,12.92,13.8,,11.89171572875038,12.727989898733052,0.6196673163286485
140,12.02,12.37,11.75,12.03,413545,12.16,12.8,13.75,,11.71064971157409,12.39414213563555,0.6196910794480307
141,11.98,12.01,11.57,11.91,506273,12.08,12.7,13.72,,11.532720779385903,12.444558441227832,0.6082845737731714
142,11.65,11.77,11.4,11.66,273748,12.01,12.59,13.69,,11.364791847197706,12.059705627485844,0.6012642470750876
143,11.66,11.87,11.44,11.66,492471,11.94,12.5,13.66,,11.391715728750025,11.890710678121263,0.5890310865697242
144,11.68,11.8,10.68,10.69,725351,11.82,12.37,13.62,,10.522598846298077,11.884497474686777,0.6269574375290298
145,10.6,10.7,10.17,10.45,941596,11.64,12.25,13.56,,10.064375541594611,12.027817459305458,0.6200319062769561
146,10.31,10.58,10.1986,10.3,902521,11.41,12.11,13.5,,10.164076746053373,10.724852813744961,0.6029867701143165
147,10.44,10.55,9.95,10.37,655101,11.24,11.96,13.44,,9.89851325419647,10.586213203446015,0.6027734293918654
148,10.44,10.79,10.22,10.69,1298194,11.08,11.81,13.39,,9.894081169079124,10.83970562748605,0.6004324701495892
149,10.59,10.92,10.4,10.61,1333593,10.93,11.69,13.31,,10.1827207793857,10.946923881556554,0.5946872937103329
150,10.66,10.74,10.18,10.46,1050154,10.77,11.56,13.23,,10.134436508138364,10.957279220615247,0.5922096298738806
151,10.12,10.65,10.12,10.55,412518,10.64,11.44,13.16,,10.107573593126538,10.758639610310198,0.5877660848828892
152,10.69,11.0,10.6,10.98,812156,10.57,11.36,13.11,,10.02058874503019,11.072487373416147,0.5779256502483971
153,11.0,11.4,10.72,10.97,1016303,10.6,11.29,13.05,,10.57514718625665,11.482842712475323,0.5852166752306546
154,11.06,11.16,10.87,11.01,568173,10.66,11.23,12.98,,10.688933982821284,11.449705627485933,0.5641297698570364
155,11.05,11.68,10.85,11.68,753033,10.81,11.22,12.92,,10.845857864370887,11.787695526217526,0.5831205005815339
156,11.78,11.93,11.5,11.6,457325,10.95,11.2,12.87,,10.715380592228598,11.981776695297654,0.5721833219685671
157,11.61,11.62,11.32,11.44,516957,11.03,11.15,12.81,,11.282720779385953,11.994203102168655,0.5527416561136694
158,11.4999,11.61,11.29,11.42,789827,11.12,11.13,12.74,,11.283786796561447,11.62207106783832,0.5361172521055503
159,11.45,11.81,11.45,11.49,489710,11.24,11.1,12.68,,11.256862915009613,11.851421356238609,0.5256803055265824
160,11.4,11.68,11.21,11.36,527013,11.33,11.07,12.6,,11.160294372514864,11.836923881556237,0.5217031408461121
161,11.3,11.66,11.09,11.17,669093,11.35,11.03,12.52,,11.065147186256823,11.684142135636826,0.5251529164999613
162,11.2,11.39,10.71,10.78,804520,11.33,10.98,12.44,,10.631299423148837,11.715918830921359,0.5362134224642499
163,10.87,11.06,10.6,10.76,533166,11.3,10.94,12.34,,10.577218254068436,11.458345237792413,0.5307696065739465
164,10.75,10.89,10.5,10.5,526015,11.17,10.93,12.24,,10.479289321880152,11.095208152803432,0.5207146346758075
165,10.52,11.25,10.52,11.15,1277255,11.12,10.96,12.16,,10.495857864370217,11.324558441227955,0.5370921607703927
166,11.25,11.44,11.0401,11.36,459646,11.11,11.02,12.07,,10.412283763104666,11.4793502884269,0.5272927207153646
167,11.25,11.2702,10.66,10.82,647309,11.04,11.04,11.97,,10.581278712470716,11.475166731447105,0.5396289549499814
168,10.81,11.14,10.61,10.62,1207499,10.95,11.04,11.87,,10.599644660938363,11.297165302912665,0.5389411724535542
169,10.38,10.53,10.11,10.21,1255771,10.82,11.02,11.78,,10.00644660940647,11.266335136524283,0.5368739458497289
170,10.14,10.36,9.85,10.23,1609088,10.71,11.0,11.7,,9.796152236890942,10.565208152803569,0.534954378289034
171,10.12,10.25,9.82,9.89,1329997,10.62,10.97,11.62,,9.81378679655937,10.382781745933443,0.5274576369826744
172,9.99,10.2399,9.81,9.99,974408,10.53,10.92,11.54,,9.807928932172947,10.252091778522098,0.5204892343410549
173,10.17,10.31,9.85,10.03,849670,10.48,10.88,11.47,,9.801715728748759,10.324518185365784,0.5161685747452653
174,10.0,10.4499,9.86,10.16,952880,10.37,10.83,11.41,,9.847928932173126,10.478874238690274,0.5214351051206035
175,9.73,10.14,9.55,9.99,1219987,10.22,10.75,11.35,,9.485796897831666,10.514082391490748,0.5277611690405604
176,9.95,10.1,9.47,9.6,1326136,10.08,10.65,11.28,,9.45343145750301,10.148284271255696,0.5350639426805203
177,10.49,11.48,10.1,11.18,1933602,10.14,10.64,11.24,,9.33952272785223,11.76580735803765,0.631130803917626
178,11.45,11.78,11.01,11.69,862090,10.31,10.65,11.2,,9.911532829120105,11.842132034356842,0.6410500322092241
179,11.93,12.02,11.32,11.66,1306120,10.47,10.66,11.17,,10.94579689783185,12.069705627485822,0.6452607441942795
180,11.32,11.74,10.89,11.17,928058,10.61,10.65,11.13,,10.800944084089549,12.077989898733136,0.659884976751831
181,11.44,11.66,11.11,11.47,1242929,10.77,10.66,11.1,,10.84443650813848,11.756568542498194,0.6520360498409861
182,11.77,12.38,11.51,12.1,1464278,11.0,10.73,11.09,,11.027157287525146,12.529116882454655,0.6704620462809157
183,12.02,12.64,11.75,12.6,981067,11.27,10.82,11.1,,11.46029437251489,12.693847763109375,0.6861433286894217
184,12.69,13.14,12.47,12.98,2098840,11.61,10.94,11.11,,11.600883117545596,13.243553390593693,0.6849902337830345
185,12.92,13.44,12.7962,13.21,1379802,12.01,11.05,11.14,,12.402441767976814,13.502132034356611,0.6820480742271033
186,13.19,13.6,12.82,12.92,1408518,12.2,11.13,11.16,,12.79127085860618,13.633137084991011,0.6890446403537388
187,13.0,13.97,12.9,13.85,1452120,12.44,11.28,11.19,,12.80343145750463,14.046629509039496,0.7162557374713289
188,14.16,14.76,13.96,14.01,1397388,12.7,11.45,11.23,,12.680466811942246,14.923614357137563,0.730094613366234
189,13.88,14.58,13.71,14.15,1350661,13.03,11.64,11.27,,13.658223304703368,14.797279220614355,0.7400878552686458
190,14.12,14.405,13.53,14.03,508160,13.32,11.83,11.31,,13.492720779386378,14.616243686708486,0.7497244370351711
191,14.28,14.32,13.21,13.29,806435,13.45,12.0,11.34,,13.143725830020248,14.422604076402653,0.7754584058183731
192,13.6,13.98,13.3,13.84,659905,13.59,12.2,11.38,,13.191360389692951,14.3904163056039,0.7693542339742038
193,13.61,14.57,13.61,14.57,667557,13.76,12.42,11.44,,13.235796897832126,14.692193000900325,0.7829717886903321
194,14.52,15.81,14.12,15.76,1183641,14.05,12.7,11.54,,13.504375541594868,16.06681240867141,0.8477595180695942
195,16.0,16.8,15.75,16.17,1167796,14.41,13.01,11.66,,13.78241594666596,17.00503571337475,0.862205266778909
196,16.1,16.17,15.33,15.88,721158,14.63,13.33,11.77,,15.24301515190185,16.93047727214762,0.8606191762947014
197,15.83,16.51,15.5001,16.46,847446,14.91,13.59,11.89,,15.29477113652063,16.58041630560362,0.8712820922736515
198,16.58,17.0,15.97,16.43,1496366,15.16,13.83,12.0,,15.402780523520642,17.10148232278151,0.8826190856826763
199,16.45,17.16,16.39,16.92,860132,15.48,14.09,12.13,12.95,15.883015151901924,17.193137084990106,0.8745748652767709
200,16.71,16.85,16.35,16.64,819639,15.85,14.36,12.25,12.92,16.341715728755652,17.22420310216797,0.8528195177570015
201,16.86,17.0,15.64,15.95,830461,16.09,14.59,12.36,12.89,15.492954185357702,17.031066017178293,0.8890466950600728
202,16.03,16.52,15.4,16.09,608928,16.26,14.79,12.46,12.85,15.350294372515572,17.099411254969652,0.9055433596986391
203,16.08,16.24,15.58,16.2,630533,16.3,14.97,12.57,12.82,15.36272077938687,16.577989898732465,0.8880045482915934
204,16.2,16.29,15.885,15.99,580779,16.28,15.12,12.67,12.8,15.516832431738404,16.30035533906071,0.8535042234136224
205,16.04,16.1,15.73,15.87,627083,16.28,15.25,12.75,12.78,15.697898448916698,16.329350288425815,0.8189682074555066
206,15.3,15.69,15.1,15.19,708438,16.14,15.36,12.82,12.8,14.9695227278526,16.18491378028667,0.8154704783515417
207,15.14,15.44,14.77,15.01,469920,15.98,15.42,12.9,12.81,14.701654762208616,15.741776695296963,0.8050797298978601
208,15.08,15.3,14.64,14.69,389912,15.74,15.46,12.96,12.81,14.613076118446116,15.468994949366722,0.794716892048013
209,14.66,14.68,14.2036,14.47,292887,15.5,15.47,13.02,12.83,14.11321860069027,15.428406204335802,0.7726942569017263
210,14.81,14.985,14.14,14.48,768199,15.33,15.5,13.08,12.85,14.12682800871692,15.048167568262198,0.7778589528373172
211,14.36,14.73,14.09,14.24,541851,15.13,15.54,13.14,12.87,14.079644660941112,15.037812229202927,0.7680118847775088
212,14.15,14.59,14.095,14.21,413984,14.91,15.56,13.21,12.9,14.088964466098238,14.758994949366796,0.7485110358648296
213,14.2,14.79,14.15,14.41,409120,14.73,15.55,13.29,12.94,14.083609127035146,14.83142135623778,0.7407602475887702
214,14.65,14.94,14.1401,14.34,591854,14.56,15.48,13.36,12.97,14.138049642868598,14.971066017178593,0.7449845156181437
215,14.35,15.19,14.34,14.65,531129,14.5,15.41,13.43,13.0,14.098699354440948,15.241776695296988,0.7524856216454192
216,14.36,15.17,14.25,15.05,580425,14.5,15.36,13.51,13.03,14.231360389693538,15.194142135628088,0.7644509343850322
217,15.16,15.73,15.015,15.61,259905,14.61,15.32,13.6,13.07,14.09156331239235,15.84597979746461,0.7609187247861013
218,15.71,15.71,15.03,15.16,412940,14.68,15.26,13.69,13.1,15.01189339828611,15.734142135627629,0.7551388158728085
219,14.79,15.41,14.63,15.19,386151,14.76,15.17,13.79,13.14,14.54715728752551,15.772132034356229,0.7569146147390365
220,15.43,16.14,15.28,15.88,892622,14.94,15.13,13.91,13.18,14.495380592228832,16.291187950266284,0.7707064279719626
221,15.87,16.165,15.77,15.92,747242,15.13,15.13,14.03,13.23,15.17851767721876,16.17017766953252,0.7438702545453938
222,15.96,16.45,15.96,16.23,283436,15.34,15.14,14.15,13.26,15.730649711575072,16.509025432638406,0.7285938077921513
223,16.44,16.44,15.61,15.92,368987,15.51,15.13,14.27,13.3,15.537512626584979,16.45207106781862,0.7358371072355692
224,15.93,16.11,15.535,15.89,705809,15.65,15.12,14.38,13.34,15.519466991412141,16.508345237791776,0.7243487424330285
225,16.45,16.47,15.82,15.95,804346,15.75,15.12,14.5,13.37,15.47597456736215,16.544558441227345,0.7190381179735265
226,15.9,16.1199,15.42,15.66,772160,15.76,15.15,14.62,13.41,15.3371572875256,16.542508084093605,0.7176711095468462
227,15.41,15.62,15.12,15.49,455697,15.79,15.17,14.71,13.44,15.057867965644277,16.22343267991531,0.7049803160077858
228,15.31,15.42,15.0625,15.27,356192,15.8,15.2,14.78,13.47,15.050591360082912,15.661421356237726,0.6851602934358011
229,15.49,15.66,15.27,15.31,460538,15.74,15.24,14.86,13.5,15.019525342904121,15.709705627485118,0.6640774153332439
230,15.1,15.73,14.75,15.0,502506,15.64,15.27,14.93,13.53,14.642304473783117,15.744497474684216,0.6866433142380123
231,15.03,15.5586,14.85,15.36,732997,15.54,15.32,15.01,13.56,14.729289321881897,15.765498102295853,0.6882116489352972
232,15.25,15.46,14.85,15.25,501397,15.46,15.38,15.07,13.59,14.850000000000001,15.579020728625856,0.6826251025827761
233,15.51,15.83,15.25,15.51,507898,15.42,15.43,15.13,13.62,14.76715728752554,15.906629509039242,0.6752947381125779
234,15.84,16.34,15.79,15.98,418085,15.43,15.51,15.19,13.66,15.138162338159411,16.445624458405277,0.6863451139616795
235,16.09,16.87,16.01,16.87,858489,15.56,15.62,15.26,13.69,15.74443650813937,16.97976659402898,0.7008918915358453
236,17.06,17.37,16.08,16.67,1162122,15.69,15.71,15.34,13.73,15.995502525318292,17.47355339059336,0.742971042140428
237,16.28,16.65,15.7,15.98,799156,15.77,15.72,15.38,13.76,15.62129942314935,17.51911688245438,0.7591873962732547
238,15.98,16.4,15.87,16.2,436405,15.87,15.78,15.43,13.78,15.664791847198803,16.701776695296893,0.7428168679680223
239,16.15,16.32,15.9,16.16,306392,16.0,15.82,15.47,13.81,15.863786796567398,16.416568542495817,0.7197585202560207
240,16.26,16.92,16.1844,16.81,546800,16.16,15.87,15.52,13.85,15.841098831430877,17.044264068712028,0.7226329116663051
241,16.71,17.18,16.51,17.17,530049,16.37,15.93,15.6,13.88,16.116966032045973,17.233847763108667,0.7188734179758546
242,17.23,17.46,16.74,17.1,1323528,16.55,15.98,15.66,13.9,16.46236544032756,17.51798989873235,0.7189538881204366
243,17.12,17.35,16.73,16.73,571775,16.63,16.02,15.71,13.93,16.72792893219898,17.482781745930787,0.7118857532546913
244,16.7,16.91,16.04,16.91,649541,16.64,16.07,15.73,13.96,15.897096320981431,17.44112698372217,0.7231796280222134
245,16.79,16.97,16.49,16.64,539772,16.63,16.1,15.74,13.98,15.946801948466279,16.982426406872023,0.7058096545920554
246,16.7,17.35,16.665,17.29,663342,16.78,16.18,15.77,14.01,16.453756313292956,17.42870057685099,0.7061089649783372
247,17.23,18.065,17.23,17.63,690976,16.94,16.29,15.79,14.04,16.547984668629798,18.213081348548396,0.7153154674798846
248,17.66,18.11,16.59,18.08,656724,17.15,16.43,15.82,14.07,16.457451660040785,18.119319805153296,0.7727929340884643
249,18.18,19.13,18.1001,18.715,793051,17.36,16.6,15.86,14.1,16.27724804973027,19.341248916810247,0.7925934387964312
250,18.67,19.0,17.77,18.2,928522,17.48,16.76,15.89,14.13,17.70163405153069,19.156923881553876,0.8238367645966861
251,18.07,18.26,17.27,17.95,1022341,17.57,16.89,15.93,14.16,17.166446609406965,19.153259018078,0.8357055671254944
252,18.37,19.1,18.05,18.53,1042632,17.77,17.06,15.98,14.19,17.10845671067465,19.273969696196662,0.8581551694736735
253,18.4,19.17,18.26,19.05,591762,18.01,17.23,16.04,14.22,18.006507575951414,19.184497474682317,0.8618583716541255
254,19.19,20.12,19.02,19.07,660428,18.28,17.39,16.1,14.26,18.102598846298395,20.316751442127135,0.8788684879645452
255,19.2,19.98,18.8,19.21,572567,18.49,17.5,16.17,14.28,18.75443650813956,20.14899494936544,0.9003778816813635
256,19.51,19.6881,18.75,19.68,557741,18.72,17.66,16.26,14.31,18.739644660943267,20.040454469428067,0.9030723187041231
257,19.78,20.1,19.57,19.85,682357,18.92,17.85,16.35,14.33,18.580172439427198,20.185307283170527,0.876424295939543
258,19.55,20.0,19.41,19.5,474749,19.0,18.01,16.45,14.35,19.376862915011017,20.12071067811769,0.855965417658147
259,19.47,20.17,19.381,19.97,789564,19.2,18.2,16.56,14.37,19.374993903350333,20.205208152801134,0.8511821735397082
260,20.14,20.25,19.85,19.94,471843,19.42,18.36,16.67,14.38,19.283866919623808,20.266568542493594,0.8189548754297289
261,20.08,20.08,19.49,19.74,360729,19.56,18.49,16.78,14.4,19.41544155877323,20.285208152801104,0.8026009557561768
262,19.64,19.98,19.2,19.44,516300,19.6,18.61,16.88,14.41,19.13993903345638,20.100710678117697,0.8009866017735929
263,19.38,19.5,18.83,18.87,496238,19.58,18.71,16.97,14.42,18.753370490961352,20.07941125496938,0.7916304159326221
264,18.73,19.02,18.4,18.91,275361,19.54,18.81,17.06,14.43,18.310944084090103,19.599411254969446,0.7793711005088635
265,18.88,19.04,17.59,17.66,401520,19.32,18.86,17.12,14.43,17.422243507239056,19.044142135622245,0.8272731647582304
266,17.7,17.95,17.085,17.21,629940,19.03,18.86,17.17,14.43,16.98041107550103,19.265746391493337,0.829967938704071
267,17.4,17.55,16.88,17.04,397767,18.75,18.83,17.19,14.43,16.83754310985731,18.032842712474746,0.8185416573680661
268,16.79,17.08,16.24,16.24,437948,18.34,18.74,17.22,14.41,16.10745166004078,17.647340187157845,0.8200743961274899
269,16.54,17.16,16.5,16.65,380809,17.97,18.64,17.25,14.4,16.186152236891907,17.176568542496046,0.8272119392612408
270,16.32,16.83,16.1,16.68,208512,17.63,18.56,17.26,14.4,16.01715728752565,17.228345237791853,0.8202682293140091
271,16.98,17.21,16.58,17.11,244158,17.37,18.52,17.29,14.4,16.000588745030683,17.288700576851138,0.8066776415058657
272,16.9,17.35,16.67,16.96,235316,17.16,18.44,17.3,14.41,16.561360389694418,17.378994949366707,0.7976292385411611
273,16.88,16.89,16.51,16.59,282189,16.9,18.32,17.31,14.41,16.476862915010837,17.44526911934601,0.7727985786453638
274,16.46,17.67,16.35,17.05,622884,16.84,18.21,17.34,14.41,16.31686291501083,17.831543289325612,0.8118843944564094
275,17.39,17.77,16.95,17.76,260960,16.9,18.14,17.37,14.42,16.225735931288256,17.790710678119257,0.8124640805666659
276,17.67,18.255,17.51,18.24,401229,17.03,18.07,17.42,14.43,16.834020202535736,18.355446788875565,0.8076452176690467
277,18.17,18.7,18.02,18.59,275800,17.29,18.01,17.49,14.44,17.404375541595094,18.792162517628057,0.7985277021212578
278,18.52,18.62,18.17,18.37,370239,17.48,17.95,17.55,14.45,17.98893398282283,18.716568542495075,0.7736328662554537
279,18.39,18.93,18.07,18.9,142428,17.73,17.9,17.62,14.46,18.04928932188257,18.994203102167848,0.779801947237207
280,18.66,18.92,17.66,17.99,652640,17.83,17.8,17.68,14.48,17.57508621971381,18.932071067811663,0.8141018081488351
||||||| 599f065
1,23.01,23.5,22.1107,23.42,731612,,,,,20.866535040631025,23.58284271247462,1.9749500000000029
2,23.58,23.98,22.47,22.72,665567,,,,,22.036286533519675,24.079411254969543,1.9417392857142886
3,23.14,23.245,22.0361,22.18,887885,,,,,21.94623636764316,24.132223484172115,1.8893936224489822
4,22.0,22.49,20.81,21.19,1361471,,,,,20.556066375587168,23.401365619795857,1.8744369351311978
5,20.56,20.74,19.21,19.65,2376780,,,,,18.87862915010151,22.85243686707647,1.881977154050398
6,12.0,17.26,10.4,10.4,3688880,,,,,8.575389257746505,21.460731598529197,2.408264500189655
7,12.45,14.13,10.53,13.85,7849798,,,,,10.37307611844433,17.90824422511392,2.502674178747537
8,13.32,14.8,12.48,14.1,5096674,18.91,,,,10.126141776686145,14.938761543395117,2.4896260231227134
9,12.51,12.89,10.81,10.87,4324886,17.6,,,,10.464131675418368,15.195573952066354,2.5467955928996626
10,11.97,12.18,10.55,10.94,3253922,16.21,,,,10.496152236890808,13.037045814642587,2.48131019340683
11,10.38,10.4,9.15,9.44,3233958,14.74,,,,8.860050506338697,12.548650070512112,2.4319308938777704
12,9.6,9.7425,8.25,8.48,3051208,13.21,,,,8.063603896931868,10.536172708630328,2.3648286871722153
13,8.01,8.15,4.98,6.77,5151912,11.61,,,,4.302760825519913,10.072317549039653,2.4459123523742
14,6.97,9.99,6.51,7.9001,4336232,10.31,,,,4.663126624784409,10.371076477383314,2.5197757557760427
15,8.25,11.8,8.2,9.51,8836984,10.21,,,,6.159989539794594,12.174863273947707,2.618356058934897
16,9.4,9.68,7.95,8.28,3354396,9.59,,,,7.898223304702463,12.239066376115531,2.5549020547252614
17,8.75,9.68,7.78,7.94,2864346,8.9,,,,7.7447918471969395,9.680000391421483,2.5081233365306
18,8.31,8.89,7.14,8.16,4326276,8.6,,,,7.007451660040238,9.843614357137511,2.4539716696355574
19,8.33,9.05,8.05,8.26,3157768,8.3,13.34,,,6.9515328291199845,9.083137084990549,2.350116550375875
20,8.09,8.13,7.0101,7.15,2843704,8.05,12.56,,,6.794729658243884,9.240538238691748,2.2715296539204552
21,7.26,7.47,6.8,7.19,2326200,7.91,11.75,,,6.756486865271522,8.266690475583305,2.157134678640423
22,7.44,8.74,7.13,8.64,3315846,8.11,11.05,,,6.731654762207689,9.00302561210701,2.1180536301661075
23,8.24,8.5125,7.58,8.25,1956356,8.15,10.35,,,7.0368019484655235,8.787116792720443,2.0424783708685283
24,8.61,10.0,8.42,9.0,2451386,8.1,9.74,,,7.406030303803032,10.308071337015063,2.0215870586636333
25,9.31,9.5128,8.0,8.87,2098190,8.16,9.2,,,7.913015151901124,10.100902423794308,1.9852451259019452
26,8.71,9.15,8.34,8.51,2135594,8.23,9.11,,,7.92958369439592,9.587938340214786,1.9012990454803778
27,9.03,9.72,8.4,8.43,3502642,8.26,8.83,,,8.327573593125189,9.838050865276527,1.8597776850889223
28,8.73,9.4,8.69,9.04,3088542,8.34,8.58,,,8.339939033455167,9.78627416998004,1.7962221361539994
29,9.58,10.79,9.26,9.54,3468734,8.61,8.52,,,8.571949134723313,11.077878425849375,1.7929205550001424
30,10.39,10.73,9.51,9.53,2902790,8.87,8.44,,,9.208223304702596,10.80242640687289,1.751997658214418
31,9.6,9.99,9.235,9.53,2237940,8.97,8.45,,,9.178045635172998,10.883259018078187,1.6807835397705313
32,9.3,9.38,8.63,9.17,1924020,9.07,8.48,,,8.504700397381802,10.116335136523972,1.625013286929779
33,9.22,9.2421,8.68,8.84,1190626,9.05,8.59,,,8.61964466093643,9.40856002512643,1.5490909092919378
34,9.2,9.43,8.82,9.2,3689722,9.09,8.65,,,8.651005050632387,9.468915364185543,1.4820129871996566
35,8.6,9.64,8.25,9.265,4924656,9.17,8.64,,,8.131949134723289,9.683492424049705,1.47544063097111
36,9.04,10.21,8.9,10.17,2433228,9.36,8.73,,,8.115380592228412,10.328050865276527,1.4636234430446022
37,10.63,11.2,10.1,10.12,2117226,9.48,8.84,,,8.651471862575987,11.405035713374792,1.4376503399699878
38,10.35,10.7,10.13,10.56,1855298,9.6,8.96,,,10.093786796558726,11.303553390593494,1.3763896014007029
39,10.73,10.9051,9.65,10.1,2395926,9.66,9.06,,,9.550588745030089,10.9475776008219,1.3677260584435098
40,10.11,10.44,9.83,10.06,4098428,9.72,9.2,,,9.612720779385413,11.0014253639301,1.3136027685546878
41,10.11,10.93,10.11,10.82,2257876,9.9,9.38,,,9.772010101267142,11.031482322781635,1.2819168565150671
42,11.2,12.73,11.2,12.45,4007188,10.3,9.57,,,9.88425360850652,13.102792206135842,1.3267799381925622
43,12.62,13.145,12.1,12.11,3901314,10.63,9.77,,,11.01360389693196,13.230949314192653,1.3066527997502364
44,11.85,12.0675,11.05,11.16,3380630,10.84,9.87,,,10.832537879753998,13.368157556728596,1.2890347426252196
45,10.82,11.55,10.6,11.5,1601702,10.99,10.01,,,10.50680194846571,12.174677759264243,1.2648179752948467
46,12.65,12.7436,11.71,12.07,2271499,11.2,10.18,,,10.370111472882803,12.99080265402435,1.2633024056309292
47,12.2,12.6,11.25,11.45,2118276,11.3,10.33,,,11.154730880653892,12.773340533779098,1.2694950909430056
48,11.58,12.57,11.5,12.42,2083186,11.56,10.5,,,11.198223304702806,12.606213203439,1.2588168701613625
49,12.21,12.35,11.61,12.2801,1568520,11.81,10.64,11.28,,11.477218254068264,12.615563491861506,1.2267585222926938
50,12.08,12.18,11.68,12.09,998834,11.95,10.77,11.07,,11.59550252531507,12.385208152802317,1.181997199271787
51,11.95,12.62,11.935,12.165,1391377,11.92,10.9,10.85,,11.627187770796937,12.711126983722313,1.1464973993238023
52,12.29,12.36,11.5757,12.07,2953076,11.91,11.05,10.63,,11.501286533519318,12.673847763108894,1.1206261565149596
53,11.81,12.66,11.38,12.26,1473436,12.03,11.22,10.44,,11.3394692029211,12.722132034356303,1.1320100024781767
54,12.58,12.95,12.22,12.9,987031,12.19,11.4,10.27,,11.20603030380315,13.010060966544446,1.103295002301164
55,13.5,14.31,13.5,14.02,2289929,12.41,11.64,10.16,,11.954903320081145,14.591665222413775,1.1252025021367953
56,14.25,14.97,14.06,14.55,1531200,12.75,11.86,10.24,,13.38402020253541,15.106690475583255,1.1126880376984527
57,14.95,15.92,14.9194,15.47,2337053,13.09,12.13,10.27,,13.882012432248223,16.116751442127303,1.1310674635771347
58,15.5,15.77,15.21,15.49,1223148,13.45,12.37,10.3,,14.859214769387071,15.951066017178485,1.0902769304644822
59,15.26,15.96,15.06,15.94,977892,13.87,12.66,10.4,,15.028933982821803,15.999350288425841,1.0766857211455907
60,16.52,16.945,16.15,16.835,1605068,14.39,13.0,10.52,,14.834253608506645,17.149000179468825,1.0715653124923343
61,17.0,17.42,16.64,17.1,1145974,14.95,13.32,10.67,,16.04851767721858,17.518375721063762,1.050739218742882
62,17.34,17.7,16.84,17.29,1060987,15.51,13.56,10.85,,16.598578643762703,17.757989898732493,1.037114988832676
63,17.16,17.71,16.51,17.28,1850870,16.0,13.82,11.06,,16.44165476220844,17.71207106781913,1.048749632487485
64,17.21,17.94,16.71,16.87,1443996,16.31,14.1,11.24,,16.46857864376268,17.987634559673218,1.0616960873098076
65,17.09,17.515,16.51,17.03,1335408,16.59,14.38,11.39,,16.46857864376268,18.028020382004453,1.0576463667876783
66,17.12,17.71,16.83,17.4,1237076,16.8,14.65,11.57,,16.44372583002031,17.750385822331747,1.0449573405885586
67,17.4,17.96,17.15,17.67,577222,17.05,14.96,11.77,,16.763725830020338,18.01177669529692,1.0281746734036616
68,18.0,18.87,17.88,18.37,1638584,17.32,15.25,11.97,,16.998812049733857,19.058467170879826,1.0404479110176859
69,19.08,19.17,18.43,18.8,1350740,17.53,15.58,12.18,,17.766091270347477,19.232132034356145,1.0232730602307083
70,18.39,18.39,17.21,17.33,1564480,17.56,15.84,12.38,,16.95732972695244,19.331543289325584,1.063753555928515
71,17.02,17.07,16.28,16.84,1546722,17.51,16.08,12.58,,16.087390693496527,18.6633809511663,1.062771159076478
72,15.64,15.87,14.4101,15.3501,2973108,17.3,16.24,12.71,,14.022831029859267,17.318528137423943,1.1604232191424437
73,16.23,16.48,15.71,15.75,662498,17.17,16.41,12.86,,14.14088189513559,16.606335136523974,1.1582429892036978
74,15.01,17.49,14.78,17.37,2084798,17.21,16.64,13.03,,14.587390693496493,17.69917784899851,1.269082775689148
75,18.3,18.3,16.65,16.7,2384956,17.13,16.77,13.19,,14.392710319181154,18.4677564927612,1.2962911488542093
76,16.78,17.23,16.29,16.41,1330130,16.99,16.86,13.34,,16.21544155877287,18.52160425586968,1.2708417810789088
77,16.15,16.61,15.92,16.04,1602612,16.73,16.89,13.5,,15.843370490960984,17.358406204335814,1.2293530824304153
78,16.46,16.78,15.81,15.9,1850484,16.41,16.91,13.63,,15.78721825406945,16.815208152802334,1.2108278622568143
79,15.89,16.45,15.6714,16.44,385557,16.31,16.94,13.77,,15.642695000127498,16.848345237791882,1.1799544435241847
80,16.75,16.75,15.75,15.88,409900,16.2,16.89,13.9,,15.655121406998646,16.81213203435632,1.1671005547010287
81,15.6,15.69,14.5601,15.33,1039555,16.2,16.8,14.01,,14.313663641066107,16.96953318805785,1.1780148007938125
82,15.13,15.69,14.64,14.81,1216645,16.1,16.68,14.13,,14.543552168182721,15.690000433800414,1.1688708864513973
83,14.65,14.93,13.77,14.01,627824,15.72,16.52,14.23,,13.589817100367647,15.84740115370196,1.168237251704869
84,14.0,14.3674,13.825,14.0,513066,15.42,16.37,14.33,,13.758609127033676,15.046518275095833,1.123534590868807
85,13.75,14.33,13.6304,14.28,393361,15.19,16.23,14.43,,13.590097020380787,14.375145793620879,1.0932535486638923
86,14.33,14.5899,13.6,14.15,497175,14.98,16.07,14.51,,13.593703953849841,14.643727052431018,1.0858711523307572
87,14.31,14.33,13.36,13.62,975142,14.72,15.87,14.58,,13.310294372514951,14.643727052431018,1.0775946414499888
88,13.91,14.14,13.11,14.04,634271,14.46,15.65,14.65,,13.058223304703075,14.36935028842634,1.0741950242035612
89,13.86,14.22,13.58,14.02,373509,14.25,15.41,14.72,,13.012659812842172,14.236568542497073,1.0431810939033068
90,13.96,14.34,13.9,14.18,324166,14.12,15.26,14.81,,13.513725830020107,14.3648528137438,1.0000967300530705
91,14.11,14.195,13.35,13.55,995893,13.98,15.09,14.86,,13.23609127034728,14.37003048327322,0.9890183921921369
92,13.55,13.77,13.32,13.46,654445,13.92,15.0,14.88,,13.31378679656209,14.283020382004697,0.9505170784641271
93,13.49,13.57,12.77,12.995,860783,13.81,14.86,14.9,,12.656091270347265,13.811421356238233,0.9397658585738324
94,12.92,13.25,12.67,12.71,766435,13.64,14.63,14.93,,12.64928932188056,13.636274169980291,0.9140682972471302
95,13.04,13.47,12.77,13.32,824201,13.54,14.46,14.97,,12.64928932188056,13.515563491861915,0.9030634188723352
96,13.25,13.56,12.95,13.32,268043,13.51,14.3,14.99,,12.732720779386,13.578639610308883,0.8821303175243115
97,13.24,13.56,13.11,13.39,438640,13.44,14.17,15.03,,12.916862915009698,13.56000051476196,0.8512638662725751
98,13.35,13.6,13.15,13.32,396883,13.36,14.04,15.05,,13.101715728750776,13.608284271252128,0.8226021615388198
99,13.5,14.615,13.49,14.58,523211,13.4,13.95,15.09,,13.079583694396378,14.825213382904511,0.8563448642860471
100,14.37,14.61,14.12,14.31,188850,13.49,13.87,15.14,,13.359522727852385,14.616035533937065,0.8301773739799009
101,14.36,14.49,13.99,14.01,225571,13.55,13.8,15.18,,13.963076118445349,14.634852813743697,0.8065932758384794
102,14.08,14.3,13.7315,13.84,234899,13.64,13.76,15.21,,13.677962897063061,14.529350288426297,0.789586613278588
103,13.88,14.045,13.54,13.93,198192,13.78,13.75,15.24,,13.500339051402463,14.352812229203233,0.7692589980444032
104,13.8,14.325,13.7915,14.12,712462,13.87,13.76,15.27,,13.487912644531347,14.382989898732834,0.7524190696126603
105,14.25,15.08,13.97,14.79,1108898,14.03,13.78,15.28,,13.754531439557887,15.236365619796043,0.7779605646403274
106,14.93,14.9899,14.17,14.26,713490,14.13,13.79,15.28,,13.92857864376243,15.098660320986479,0.7809562385945897
107,14.36,14.46,14.0218,14.38,983196,14.25,13.83,15.26,,13.991106775027804,15.099645883351037,0.7564736501235476
108,14.28,14.87,14.11,14.82,601836,14.27,13.87,15.24,,14.003533181898751,14.954913780286859,0.75672553225758
109,14.57,15.04,14.42,14.73,1900788,14.32,13.9,15.22,,14.045796897832012,15.075208152802558,0.74695942281061
110,15.03,15.46,14.9401,15.21,1367954,14.45,13.95,15.19,,14.312283763104796,15.546984848098665,0.7457480354669951
111,14.81,15.35,14.7297,15.09,1253202,14.59,14.03,15.15,,14.686124733238161,15.482781745931673,0.7367874615050669
112,14.91,15.05,14.57,15.0,1128839,14.71,14.11,15.1,,14.536925047044244,15.41213203435641,0.7213026428261335
113,15.405,15.72,15.09,15.61,1711864,14.88,14.24,15.07,,14.462304473782918,15.858761543395175,0.7212095969099812
114,15.75,16.19,15.285,15.46,1382348,14.95,14.37,15.04,,15.049614177668447,16.287340187157895,0.7343374828449827
115,15.62,15.65,15.17,15.4,625732,15.08,14.48,15.01,,15.146182720163251,16.301837661840924,0.7161705197846269
116,15.55,15.96,15.23,15.61,1316918,15.21,14.59,14.97,,15.157573593128232,16.02420310216818,0.7171583398000106
117,15.5,15.94,15.43,15.91,1079074,15.34,14.72,14.93,,15.18857864376253,15.964142135628913,0.7023613155285813
118,15.88,16.08,15.36,15.36,878332,15.41,14.82,14.87,,15.345502525316494,16.108994949366835,0.703621221562254
119,15.22,15.3,14.77,14.905,813660,15.37,14.84,14.8,,14.647806999099876,16.241543289325648,0.695505420022093
120,14.99,14.99,14.32,14.35,975348,15.29,14.84,14.74,,14.226801948465956,15.364203102168265,0.6936836043062292
121,14.14,14.292,13.89,14.0,932662,15.18,14.84,14.68,,13.800944084089668,15.134560533268429,0.6769919182843557
122,14.02,14.02,13.41,13.72,965360,14.97,14.83,14.65,,13.310588745030337,14.348333044483368,0.6722067812640445
123,13.85,13.94,13.46,13.5,1415726,14.75,14.81,14.6,,13.399644660939456,14.03656854249715,0.6584777254594698
124,13.51,13.51,12.88,13.25,1913138,14.51,14.77,14.52,,12.759878066911693,14.029055915910648,0.6564436022123648
125,13.14,13.38,12.8,12.85,940186,14.2,14.67,14.44,,12.783431457504218,13.536923881555767,0.6509833449114816
126,12.75,13.26,12.5,13.12,1529152,13.9,14.61,14.38,,12.437867965643798,13.404852813744066,0.6587702488463758
127,13.22,13.64,12.84,13.48,970036,13.69,14.57,14.33,,12.429583694396365,13.718700576851404,0.6688580882144919
128,13.4,13.73,13.165,13.55,1154520,13.54,14.51,14.28,,12.772690296114169,13.74863961030888,0.6614396533420284
129,13.01,13.49,12.93,13.03,1341436,13.39,14.42,14.21,,12.881329906420884,13.779705627485564,0.6584796781033122
130,13.05,13.43,12.95,13.17,1392958,13.3,14.32,14.16,,12.92585786437293,13.502426406874472,0.6457311296673615
131,13.09,13.3,12.67,12.895,818618,13.2,14.21,14.11,,12.61201010126752,13.456923881555788,0.6446074775482643
132,12.99,13.09,12.21,12.63,903140,13.11,14.09,14.06,,12.114730880654026,13.343492424050154,0.6614212291519597
133,12.29,12.47,11.8675,12.32,1194827,13.0,13.93,14.03,,11.796565927443366,13.218406204336013,0.6686411413553912
134,12.37,12.5,12.04,12.26,1175352,12.94,13.77,14.0,,11.83177408024483,12.506213203443263,0.6537382026871491
135,12.23,12.23,11.77,11.77,843964,12.79,13.58,13.95,,11.714081169079316,12.555918830921232,0.6420426167809242
136,11.82,12.21,11.8101,12.06,826556,12.63,13.41,13.9,,11.761695018072233,12.234142135635695,0.6276110012965725
137,12.15,12.58,12.08,12.42,583172,12.51,13.23,13.88,,11.75420187975744,12.656629509039648,0.6199245012039603
138,12.45,12.67,11.9,11.91,497557,12.38,13.06,13.84,,11.862720779385961,12.688639610309277,0.6306441796893916
139,11.95,12.39,11.94,12.05,479573,12.26,12.92,13.8,,11.891715728750423,12.727989898733046,0.6198838811401494
140,12.02,12.37,11.75,12.03,413545,12.16,12.8,13.76,,11.7106497115741,12.394142135635459,0.6198921753444244
141,11.98,12.01,11.57,11.91,506273,12.08,12.7,13.72,,11.532720779385912,12.444558441227828,0.6084713056769655
142,11.65,11.77,11.4,11.66,273748,12.01,12.59,13.69,,11.364791847197715,12.059705627485837,0.6014376409857536
143,11.66,11.87,11.44,11.66,492571,11.94,12.5,13.66,,11.391715728750068,11.890710678121245,0.5891920952010569
144,11.68,11.8,10.68,10.69,725351,11.82,12.37,13.62,,10.52259884629808,11.88449747468675,0.6271069455438386
145,10.6,10.7,10.17,10.45,941596,11.64,12.25,13.56,,10.064375541594615,12.027817459305457,0.6201707351478501
146,10.31,10.58,10.1986,10.3,902521,11.41,12.11,13.5,,10.164076746053432,10.724852813744945,0.6031156826372894
147,10.44,10.55,9.95,10.37,655101,11.24,11.96,13.44,,9.898513254196477,10.586213203445954,0.6028931338774831
148,10.44,10.79,10.22,10.69,1298594,11.08,11.81,13.39,,9.89408116907913,10.839705627486042,0.6005436243148057
149,10.59,10.92,10.4,10.61,1333593,10.93,11.69,13.31,,10.18272077938571,10.94692388155654,0.5947905082923196
150,10.66,10.74,10.18,10.46,1057218,10.77,11.56,13.23,,10.134436508138371,10.957279220615236,0.5923054719857254
151,10.12,10.65,10.12,10.55,412518,10.64,11.44,13.16,,10.107573593126567,10.758639610310176,0.5878550811296022
152,10.69,11.0,10.6,10.98,812390,10.57,11.36,13.11,,10.020588745030194,11.072487373416141,0.5780082896203449
153,11.0,11.4,10.72,10.97,1016303,10.6,11.29,13.05,,10.575147186256665,11.482842712475318,0.5852934117903204
154,11.06,11.16,10.87,11.01,568173,10.66,11.23,12.98,,10.688933982821295,11.449705627485924,0.564201025233869
155,11.05,11.68,10.85,11.68,753333,10.81,11.22,12.92,,10.84585786437097,11.787695526217522,0.5831866662885926
156,11.78,11.93,11.5,11.6,457325,10.95,11.2,12.87,,10.715380592228602,11.981776695297647,0.5722447615536932
157,11.61,11.62,11.32,11.44,516957,11.03,11.15,12.81,,11.282720779385961,11.994203102168647,0.5527987071570007
158,11.45,11.61,11.29,11.42,799933,11.12,11.13,12.74,,11.283786796561504,11.62207106783814,0.5361702280743579
159,11.45,11.81,11.45,11.49,493788,11.24,11.1,12.68,,11.256862915009624,11.8514213562386,0.5257294974976181
160,11.4,11.68,11.21,11.36,527013,11.33,11.06,12.6,,11.16029437251487,11.836923881556222,0.5217488191049311
161,11.3,11.66,11.09,11.17,668745,11.35,11.03,12.52,,11.065147186256837,11.684142135636735,0.5251953320260074
162,11.2,11.39,10.71,10.78,730562,11.33,10.98,12.44,,10.63129942314884,11.715918830921352,0.5362528083098641
163,10.87,11.06,10.6,10.76,533166,11.3,10.94,12.34,,10.577218254068452,11.458345237792408,0.5308061791448739
164,10.75,10.89,10.5,10.5,500607,11.17,10.93,12.24,,10.47928932188017,11.095208152803421,0.5207485949202402
165,10.52,11.25,10.52,11.15,1277501,11.12,10.96,12.16,,10.495857864370302,11.32455844122795,0.5371236952830801
166,11.25,11.44,11.0401,11.36,459646,11.11,11.02,12.07,,10.41228376310467,11.479350288426891,0.52732200276286
167,11.25,11.2702,10.66,10.82,647309,11.04,11.04,11.97,,10.58127871247072,11.475166731447095,0.5396561454226557
168,10.81,11.14,10.61,10.62,1207499,10.95,11.04,11.87,,10.599644660938397,11.297165302912651,0.538966420749609
169,10.38,10.53,10.11,10.21,1255771,10.82,11.02,11.78,,10.006446609406474,11.26633513652428,0.5368973906960655
170,10.14,10.36,9.85,10.23,1609088,10.71,11.0,11.7,,9.796152236890947,10.565208152803558,0.5349761485034893
171,10.12,10.25,9.82,9.89,1329997,10.62,10.97,11.62,,9.813786796559427,10.382781745933427,0.5274778521818115
172,9.99,10.2399,9.81,9.99,974408,10.53,10.92,11.54,,9.807928932173116,10.252091778521919,0.5205080055973964
173,10.17,10.31,9.85,10.03,849670,10.48,10.88,11.47,,9.8017157287488,10.32451818536576,0.5161860051975824
174,10.0,10.4499,9.86,10.16,952880,10.37,10.83,11.41,,9.847928932173295,10.478874238690262,0.5214512905406122
175,9.73,10.14,9.55,9.99,1219987,10.22,10.75,11.35,,9.485796897831671,10.51408239149074,0.5277761983591399
176,9.95,10.1,9.47,9.6,1326136,10.08,10.65,11.28,,9.453431457503031,10.14828427125565,0.5350778984763441
177,10.49,11.48,10.1,11.18,1933602,10.14,10.64,11.24,,9.339522727852234,11.765807358037648,0.631143762870891
178,11.45,11.78,11.01,11.69,862090,10.31,10.65,11.2,,9.911532829120109,11.842132034356837,0.6410620655229702
179,11.93,12.02,11.32,11.66,1306120,10.47,10.66,11.17,,10.945796897831856,12.069705627485815,0.6452719179856151
180,11.32,11.74,10.89,11.17,928058,10.61,10.65,11.13,,10.800944084089553,12.07798989873313,0.659895352415214
181,11.44,11.66,11.11,11.47,1242929,10.77,10.66,11.1,,10.844436508138488,11.75656854249817,0.652045684385556
182,11.77,12.38,11.51,12.1,1464278,11.0,10.73,11.09,,11.02715728752515,12.529116882454653,0.6704709926437307
183,12.02,12.64,11.75,12.6,981067,11.27,10.82,11.1,,11.460294372514895,12.693847763109368,0.6861516360263213
184,12.69,13.14,12.47,12.98,2098840,11.61,10.94,11.11,,11.6008831175456,13.24355339059369,0.6849979477387269
185,12.92,13.44,12.7962,13.21,1379802,12.01,11.05,11.14,,12.40244176797682,13.502132034356604,0.6820552371859606
186,13.19,13.6,12.82,12.92,1408518,12.2,11.13,11.16,,12.791270858606252,13.633137084991,0.6890512916726778
187,13.0,13.97,12.9,13.85,1452120,12.44,11.28,11.19,,12.80343145750465,14.04662950903949,0.716261913696058
188,14.16,14.76,13.96,14.01,1397388,12.7,11.45,11.23,,12.680466811942248,14.92361435713756,0.7301003484320538
189,13.88,14.58,13.71,14.15,1350661,13.03,11.64,11.27,,13.658223304703375,14.797279220614346,0.7400931806869071
190,14.12,14.405,13.53,14.03,508160,13.32,11.83,11.31,,13.492720779386387,14.616243686708476,0.7497293820664137
191,14.28,14.32,13.21,13.29,806435,13.45,12.0,11.34,,13.143725830020255,14.422604076402632,0.7754629976330984
192,13.6,13.98,13.3,13.84,659905,13.59,12.2,11.38,,13.19136038969297,14.390416305603894,0.7693584978021629
193,13.61,14.57,13.61,14.57,667557,13.76,12.42,11.44,,13.235796897832131,14.692193000900321,0.7829757479591514
194,14.52,15.81,14.12,15.76,1183641,14.05,12.7,11.54,,13.504375541594872,16.06681240867141,0.8477631945334978
195,16.0,16.8,15.75,16.17,1167796,14.41,13.01,11.66,,13.78241594666596,17.005035713374745,0.8622086806382481
196,16.1,16.17,15.33,15.88,721158,14.63,13.33,11.77,,15.243015151901854,16.930477272147616,0.8606223463069448
197,15.83,16.51,15.5001,16.46,847446,14.91,13.59,11.89,,15.294771136520641,16.580416305603617,0.8712850358564489
198,16.58,17.0,15.97,16.43,1496366,15.16,13.83,12.0,,15.402780523520645,17.101482322781507,0.8826218190095596
199,16.45,17.16,16.39,16.92,860132,15.48,14.09,12.13,12.95,15.883015151901928,17.193137084990095,0.8745774033660196
200,16.71,16.85,16.35,16.64,819639,15.85,14.36,12.25,12.92,16.341715728755695,17.224203102167962,0.8528218745541611
201,16.86,17.0,15.64,15.95,830461,16.09,14.59,12.36,12.89,15.492954185357704,17.031066017178283,0.8890488835145782
202,16.03,16.52,15.4,16.09,608928,16.26,14.79,12.46,12.85,15.35029437251558,17.09941125496965,0.9055453918349655
203,16.08,16.24,15.58,16.2,630533,16.3,14.97,12.57,12.82,15.36272077938688,16.577989898732458,0.8880064352753251
204,16.2,16.29,15.885,15.99,580779,16.28,15.12,12.67,12.8,15.51683243173841,16.300355339060676,0.8535059756128018
205,16.04,16.1,15.73,15.87,627083,16.28,15.25,12.75,12.78,15.697898448916709,16.329350288425804,0.8189698344976017
206,15.3,15.69,15.1,15.19,708438,16.14,15.36,12.82,12.8,14.969522727852604,16.184913780286664,0.8154719891763444
207,15.14,15.44,14.77,15.01,469920,15.98,15.42,12.9,12.81,14.701654762208621,15.741776695296956,0.8050811328066055
208,15.08,15.3,14.64,14.69,389912,15.74,15.46,12.96,12.81,14.61307611844613,15.46899494936671,0.7947181947489909
209,14.66,14.68,14.2036,14.47,292887,15.5,15.47,13.02,12.83,14.113218600690276,15.4284062043358,0.7726954665526343
210,14.81,14.985,14.14,14.48,768199,15.33,15.5,13.08,12.85,14.126828008716947,15.048167568262192,0.777860076084589
211,14.36,14.73,14.09,14.24,541851,15.13,15.54,13.14,12.87,14.079644660941145,15.03781222920292,0.7680129277928326
212,14.15,14.59,14.095,14.21,413984,14.91,15.56,13.21,12.9,14.088964466098584,14.758994949366782,0.7485120043790587
213,14.2,14.79,14.15,14.41,409120,14.73,15.55,13.29,12.94,14.083609127035176,14.83142135623777,0.7407611469234116
214,14.65,14.94,14.1401,14.34,591854,14.56,15.48,13.36,12.97,14.138049642868772,14.97106601717858,0.7449853507145964
215,14.35,15.19,14.34,14.65,531129,14.5,15.41,13.43,13.0,14.098699354440956,15.24177669529698,0.7524863970921253
216,14.36,15.17,14.25,15.05,580425,14.5,15.36,13.51,13.03,14.231360389693558,15.194142135627997,0.7644516544426878
217,15.16,15.73,15.015,15.61,259905,14.61,15.32,13.6,13.07,14.091563312392351,15.845979797464608,0.7609193934110673
218,15.71,15.71,15.03,15.16,412940,14.68,15.26,13.69,13.1,15.011893398286226,15.734142135627538,0.7551394367388483
219,14.79,15.41,14.63,15.19,386151,14.76,15.17,13.79,13.14,14.547157287525513,15.772132034356224,0.7569151912575021
220,15.43,16.14,15.28,15.88,892622,14.94,15.13,13.91,13.18,14.495380592228836,16.29118795026628,0.7707069633105378
221,15.87,16.165,15.77,15.92,747242,15.13,15.13,14.03,13.23,15.178517677218764,16.17017766953245,0.7438707516454993
222,15.96,16.45,15.96,16.23,283436,15.34,15.14,14.15,13.26,15.730649711575081,16.509025432638403,0.7285942693851065
223,16.44,16.44,15.61,15.92,368987,15.51,15.13,14.27,13.3,15.537512626584984,16.452071067818437,0.735837535857599
224,15.93,16.11,15.535,15.89,705809,15.65,15.12,14.38,13.34,15.519466991412164,16.50834523779177,0.7243491404391991
225,16.45,16.47,15.82,15.95,804346,15.75,15.12,14.5,13.37,15.475974567362156,16.54455844122734,0.7190384875506848
226,15.9,16.1199,15.42,15.66,772160,15.76,15.15,14.62,13.41,15.337157287525605,16.542508084093598,0.717671452725636
227,15.41,15.62,15.12,15.49,455697,15.79,15.17,14.71,13.44,15.057867965644284,16.223432679915305,0.7049806346738049
228,15.31,15.42,15.0625,15.27,356192,15.8,15.2,14.78,13.47,15.050591360082942,15.661421356237717,0.6851605893399617
229,15.49,15.66,15.27,15.31,460538,15.74,15.24,14.86,13.5,15.01952534290413,15.70970562748511,0.6640776901013931
230,15.1,15.73,14.75,15.0,502506,15.64,15.27,14.93,13.53,14.64230447378312,15.744497474684191,0.686643569379865
231,15.03,15.5586,14.85,15.36,732997,15.54,15.32,15.01,13.56,14.729289321881915,15.765498102295842,0.6882118858527319
232,15.25,15.46,14.85,15.25,501397,15.46,15.38,15.07,13.59,14.850000000000001,15.579020728625837,0.6826253225775368
233,15.51,15.83,15.25,15.51,507898,15.42,15.43,15.13,13.62,14.767157287525544,15.906629509039236,0.6752949423934271
234,15.84,16.34,15.79,15.98,418085,15.43,15.51,15.19,13.66,15.138162338159415,16.445624458405273,0.6863453036510395
235,16.09,16.87,16.01,16.87,858489,15.56,15.62,15.26,13.69,15.744436508139376,16.979766594028977,0.7008920676759653
236,17.06,17.37,16.08,16.67,1162122,15.69,15.71,15.34,13.73,15.995502525318315,17.473553390593356,0.7429712056991109
237,16.28,16.65,15.7,15.98,799156,15.77,15.72,15.38,13.76,15.621299423149356,17.519116882454377,0.7591875481491746
238,15.98,16.4,15.87,16.2,436405,15.87,15.78,15.43,13.78,15.664791847198812,16.701776695296886,0.742817008995662
239,16.15,16.32,15.9,16.16,306392,16.0,15.82,15.47,13.81,15.863786796567457,16.416568542495792,0.7197586512102576
240,16.26,16.92,16.1844,16.81,546800,16.16,15.87,15.52,13.85,15.841098831430882,17.044264068712025,0.722633033266668
241,16.71,17.18,16.51,17.17,530049,16.37,15.93,15.6,13.88,16.11696603204598,17.23384776310866,0.7188735308904772
242,17.23,17.46,16.74,17.1,1323528,16.55,15.98,15.66,13.9,16.462365440327567,17.517989898732342,0.7189539929697291
243,17.12,17.35,16.73,16.73,571775,16.63,16.02,15.71,13.93,16.727928932199156,17.482781745930772,0.7118858506147485
244,16.7,16.91,16.04,16.91,649541,16.64,16.07,15.73,13.96,15.897096320981433,17.441126983722167,0.7231797184279808
245,16.79,16.97,16.49,16.64,539772,16.63,16.1,15.74,13.98,15.946801948466282,16.982426406871994,0.705809738540268
246,16.7,17.35,16.665,17.29,663585,16.78,16.18,15.77,14.01,16.453756313292967,17.428700576850986,0.7061090429302489
247,17.23,18.065,17.23,17.63,690976,16.94,16.29,15.79,14.04,16.5479846686298,18.213081348548393,0.7153155398638027
248,17.66,18.11,16.59,18.08,656724,17.15,16.43,15.82,14.07,16.45745166004079,18.119319805153257,0.7727930013021025
249,18.18,19.13,18.1001,18.715,793051,17.36,16.6,15.86,14.1,16.27724804973027,19.341248916810247,0.7925935012090952
250,18.67,19.0,17.77,18.2,928522,17.48,16.76,15.89,14.13,17.701634051530696,19.156923881553862,0.8238368225513027
251,18.07,18.26,17.27,17.95,1022341,17.57,16.89,15.93,14.16,17.166446609406968,19.153259018078,0.8357056209404956
252,18.37,19.1,18.05,18.53,1042632,17.77,17.06,15.98,14.19,17.10845671067465,19.27396969619666,0.8581552194447462
253,18.4,19.17,18.26,19.05,591762,18.01,17.23,16.04,14.22,18.00650757595142,19.184497474682292,0.8618584180558357
254,19.19,20.12,19.02,19.07,660428,18.28,17.39,16.1,14.26,18.1025988462984,20.316751442127135,0.8788685310518476
255,19.2,19.98,18.8,19.21,572567,18.49,17.5,16.17,14.28,18.754436508139566,20.148994949365427,0.9003779216910014
256,19.51,19.6881,18.75,19.68,557741,18.72,17.66,16.26,14.31,18.739644660943302,20.040454469428063,0.9030723558559297
257,19.78,20.1,19.57,19.85,682357,18.92,17.85,16.35,14.33,18.5801724394272,20.185307283170523,0.8764243304376491
258,19.55,20.0,19.41,19.5,474749,19.0,18.01,16.45,14.35,19.376862915011028,20.12071067811767,0.8559654496921028
259,19.47,20.17,19.381,19.97,789564,19.2,18.2,16.56,14.37,19.374993903350394,20.205208152801124,0.8511822032855242
260,20.14,20.25,19.85,19.94,471843,19.42,18.36,16.67,14.38,19.28386691962381,20.266568542493573,0.8189549030508438
261,20.08,20.08,19.49,19.74,360729,19.56,18.49,16.78,14.4,19.415441558773235,20.285208152801093,0.802600981404355
262,19.64,19.98,19.2,19.44,516300,19.6,18.61,16.88,14.41,19.139939033456386,20.10071067811768,0.8009866255897583
263,19.38,19.5,18.83,18.87,496238,19.58,18.71,16.97,14.42,18.753370490961355,20.079411254969376,0.7916304380476328
264,18.73,19.02,18.4,18.91,275361,19.54,18.81,17.06,14.43,18.310944084090107,19.599411254969443,0.7793711210442306
265,18.88,19.04,17.59,17.66,401520,19.32,18.86,17.12,14.43,17.42224350723906,19.044142135622153,0.8272731838267855
266,17.7,17.95,17.085,17.21,629940,19.03,18.86,17.17,14.43,16.980411075501035,19.265746391493337,0.8299679564105865
267,17.4,17.55,16.88,17.04,397767,18.75,18.83,17.19,14.43,16.837543109857318,18.032842712474743,0.8185416738098305
268,16.79,17.08,16.24,16.24,434775,18.34,18.74,17.22,14.41,16.107451660040784,17.64734018715784,0.8200744113948425
269,16.54,17.16,16.5,16.65,380839,17.97,18.64,17.25,14.4,16.186152236891914,17.176568542496025,0.8272119534380682
270,16.32,16.83,16.1,16.68,208402,17.63,18.56,17.26,14.4,16.017157287525656,17.228345237791846,0.820268242478206
271,16.98,17.21,16.58,17.11,243682,17.37,18.52,17.29,14.4,16.000588745030687,17.288700576851134,0.8066776537297629
272,16.9,17.35,16.67,16.96,234469,17.16,18.44,17.3,14.41,16.56136038969444,17.378994949366692,0.7976292498919227
273,16.88,16.89,16.51,16.56,283210,16.9,18.31,17.31,14.41,16.476862915010848,17.445269119346005,0.7727985891853568
274,16.46,17.67,16.35,17.05,622836,16.83,18.21,17.34,14.41,16.31686291501084,17.83154328932561,0.8118844042435457
275,17.39,17.77,16.95,17.76,259160,16.89,18.14,17.37,14.42,16.22573593128826,17.79071067811924,0.8124640896547211
276,17.67,18.255,17.51,18.24,401229,17.03,18.07,17.42,14.43,16.83402020253574,18.35544678887556,0.8076452261079551
277,18.17,18.7,18.02,18.59,275800,17.29,18.01,17.49,14.44,17.404375541595098,18.792162517628054,0.7985277099573869
278,18.52,18.62,18.17,18.37,370239,17.48,17.95,17.55,14.45,17.98893398282284,18.716568542495054,0.7736328735318593
279,18.39,18.93,18.07,18.9,142428,17.73,17.9,17.62,14.46,18.049289321882586,18.99420310216784,0.7798019539938693
280,18.66,18.92,17.66,17.99,652640,17.82,17.8,17.68,14.48,17.575086219713814,18.93207106781148,0.8141018144228788
=======
1,23.01,23.5,22.1107,23.42,731612,,,,,,,1.9749500000000029
2,23.58,23.98,22.47,22.72,665567,,,,,,,1.9417392857142886
3,23.14,23.245,22.0361,22.18,887885,,,,,,,1.8893936224489822
4,22.0,22.49,20.81,21.19,1361471,,,,,,,1.8744369351311978
5,20.56,20.74,19.21,19.65,2376780,,,,,,,1.881977154050398
6,12.0,17.26,10.4,10.4,3688880,,,,,,,2.408264500189655
7,12.45,14.13,10.53,13.85,7849798,,,,,,,2.502674178747537
8,13.32,14.8,12.48,14.1,5096674,18.91,,,,,,2.4896260231227134
9,12.51,12.89,10.81,10.87,4324886,17.6,,,,,,2.5467955928996626
10,11.97,12.18,10.55,10.94,3253922,16.21,,,,,,2.48131019340683
11,10.38,10.4,9.15,9.44,3233958,14.74,,,,,,2.4319308938777704
12,9.6,9.7425,8.25,8.48,3051208,13.21,,,,,,2.3648286871722153
13,8.01,8.15,4.98,6.77,5150092,11.61,,,,,,2.4459123523742
14,6.97,9.99,6.51,7.9001,4336232,10.31,,,,,,2.5197757557760427
15,8.25,11.8,8.2,9.51,8836984,10.21,,,,,,2.618356058934897
16,9.4,9.68,7.95,8.28,3354396,9.59,,,,,,2.5549020547252614
17,8.75,9.68,7.78,7.94,2864346,8.9,,,,,,2.5081233365306
18,8.31,8.89,7.14,8.16,4326276,8.6,,,,,,2.4539716696355574
19,8.33,9.05,8.05,8.26,3157768,8.3,13.34,,,0.23829350917687897,26.51261858822074,2.350116550375875
20,8.09,8.13,7.0101,7.15,2843704,8.05,12.56,,,-0.005295823332097882,25.435875159286766,2.2715296539204552
21,7.26,7.47,6.8,7.19,2326200,7.91,11.75,,,0.08213806166935989,24.07306193263971,2.157134678640423
22,7.44,8.74,7.13,8.64,3315846,8.11,11.05,,,0.6057865389653507,22.218029973653643,2.1180536301661075
23,8.24,8.5125,7.58,8.25,1956356,8.15,10.35,,,1.5626587418204938,20.19533768565998,2.0424783708685283
24,8.61,10.0,8.42,9.0,2451386,8.1,9.74,,,2.9383584654231765,17.909012626272904,2.0215870586636333
25,9.31,9.5128,8.0,8.87,2098190,8.16,9.2,,,4.810120720419982,15.63936969916627,1.9852451259019452
26,8.71,9.15,8.34,8.51,2135594,8.23,9.11,,,4.8349921349152964,14.162424307926758,1.9012990454803778
27,9.03,9.72,8.4,8.43,3502642,8.26,8.83,,,4.8930657982674886,13.478328923682184,1.8597776850889223
28,8.73,9.4,8.69,9.04,3050018,8.34,8.58,,,5.381948192477136,12.370432046725174,1.7962221361539994
29,9.58,10.79,9.26,9.54,3468734,8.61,8.52,,,5.580461143347515,11.872733276084368,1.7929205550001424
30,10.39,10.73,9.51,9.53,2902790,8.87,8.44,,,5.7398396763350945,11.529295258945584,1.751997658214418
31,9.6,9.99,9.235,9.53,2237940,8.97,8.45,,,5.732856425891252,11.477931345138751,1.6807835397705313
32,9.3,9.38,8.63,9.17,1924020,9.07,8.48,,,5.730590276346889,11.455501039498788,1.625013286929779
33,9.22,9.2421,8.68,8.84,1190626,9.05,8.59,,,6.3798910103870075,11.42040541912986,1.5490909092919378
34,9.2,9.43,8.82,9.2,3689722,9.09,8.65,,,6.633294745546235,11.378216484813322,1.4820129871996566
35,8.6,9.64,8.25,9.265,4924656,9.17,8.64,,,6.635505801405824,10.928581006113074,1.47544063097111
36,9.04,10.21,8.9,10.17,2433228,9.36,8.73,,,6.655160592628567,10.995376357699397,1.4636234430446022
37,10.63,11.2,10.1,10.115,2102546,9.48,8.84,,,6.580973964395253,11.262280895541787,1.4376503399699878
38,10.35,10.7,10.13,10.56,1855298,9.6,8.96,,,6.656130597392609,11.41314341621649,1.3767467442578458
39,10.73,10.9051,9.65,10.1,2370156,9.66,9.06,,,6.679671342909431,11.584176235346058,1.3680576910965712
40,10.11,10.44,9.83,10.06,4098428,9.72,9.2,,,6.893150620756171,11.592686080304643,1.3139107131611019
41,10.11,10.93,10.11,10.82,2257876,9.9,9.38,,,7.195753333336594,11.488846899205141,1.282202805078166
42,11.2,12.73,11.2,12.45,4007188,10.3,9.57,,,7.3102061199072965,12.030474340148654,1.327045461858297
43,12.62,13.145,12.1,12.11,3901314,10.63,9.77,,,7.2211943588562875,12.540607952799865,1.3068993574398473
44,11.85,12.0675,11.05,11.16,3380630,10.84,9.87,,,7.260358555329423,12.764495692890682,1.2892636890512867
45,10.82,11.55,10.6,11.5,1601702,10.99,10.0,,,7.4434501131277475,12.869123554343886,1.2650305684047662
46,12.65,12.7436,11.71,12.07,2271499,11.2,10.18,,,7.493227302088037,13.142064399513385,1.2634998135187117
47,12.2,12.6,11.25,11.45,2118276,11.3,10.33,,,7.632795257186929,13.370852564593593,1.269678398267375
48,11.58,12.57,11.5,12.42,2083186,11.56,10.5,,,7.736950556025738,13.53327478312661,1.2589870841054196
49,12.21,12.35,11.61,12.2801,1568520,11.81,10.64,11.28,,7.779902073635228,13.674128950182498,1.2269165780978897
50,12.08,12.18,11.68,12.09,998834,11.95,10.77,11.07,,7.8127742119412344,13.781287566289835,1.1821439653766117
51,11.95,12.62,11.935,12.165,1391377,11.92,10.9,10.85,,7.886606267289707,13.92115823168597,1.1466336821354253
52,12.29,12.36,11.5757,12.07,2953076,11.91,11.04,10.63,,8.124209154993109,13.936826480440583,1.1207527048400379
53,11.81,12.66,11.38,12.26,1473436,12.03,11.22,10.43,,8.398018586446018,13.920388566184963,1.132127511637178
54,12.58,12.95,12.22,12.9,987031,12.19,11.4,10.27,,8.643021345287394,13.909164499974924,1.103404117948808
55,13.5,14.31,13.5,14.02,2289929,12.41,11.64,10.16,,8.954014110303188,14.157109504638377,1.1253038238096076
56,14.25,14.97,14.06,14.55,1531200,12.75,11.86,10.24,,9.08932762873933,14.58270392781639,1.1127821221089214
57,14.95,15.92,14.9194,15.47,2337053,13.09,12.13,10.27,,8.909168929941124,15.271201891826983,1.1311548276725698
58,15.5,15.77,15.21,15.49,1223148,13.45,12.37,10.3,,8.811605553419495,15.739844849474352,1.090358054267386
59,15.26,15.96,15.06,15.94,977892,13.87,12.66,10.4,,8.94833587886733,16.173679251670176,1.0767610503911442
60,16.52,16.945,16.15,16.835,1605068,14.39,13.0,10.52,,8.980863729701785,16.70570698341072,1.0716352610774913
61,17.0,17.42,16.64,17.1,1145974,14.95,13.32,10.67,,9.013610927818718,17.28490374910918,1.0508041710005278
62,17.34,17.7,16.84,17.29,1060987,15.51,13.56,10.85,,8.959122520148814,17.92010707092789,1.0371753016433471
63,17.16,17.71,16.51,17.28,1850870,16.0,13.82,11.06,,8.927451837594775,18.467272576572697,1.048805637240251
64,17.21,17.94,16.71,16.87,1443996,16.31,14.1,11.24,,9.08374717277518,18.954690756241376,1.0617480917230904
65,17.09,17.515,16.51,17.03,1335408,16.59,14.38,11.39,,9.420010253962243,19.231072504448917,1.0576946566000125
66,17.12,17.71,16.83,17.4,1237076,16.8,14.65,11.57,,9.605140695205051,19.558881233343698,1.0450021811285832
67,17.4,17.96,17.15,17.67,577222,17.05,14.96,11.77,,9.914520297814065,19.860971560492622,1.0282163110479703
68,18.0,18.87,17.88,18.37,1638584,17.32,15.25,11.97,,10.19446015985043,20.25811293605528,1.0404865745445437
69,19.08,19.17,18.43,18.8,1350740,17.53,15.58,12.18,,10.494075754036981,20.598651453609264,1.0233089620770763
70,18.39,18.39,17.21,17.33,1564480,17.56,15.84,12.38,,10.966747212867187,20.67871045013585,1.0637868933572852
71,17.02,17.07,16.28,16.84,1546722,17.51,16.08,12.58,,11.47352835927365,20.57024568147424,1.062802115260336
72,15.64,15.87,14.4101,15.3501,2979098,17.3,16.24,12.71,,12.020196858254257,20.280596730929833,1.160451964170312
73,16.23,16.48,15.71,15.75,662498,17.17,16.41,12.86,,12.84767121153538,19.956634270799583,1.1582696810152897
74,15.01,17.49,14.78,17.37,2084798,17.21,16.64,13.03,,13.447450273936232,19.601921028126394,1.2691075609427689
75,18.3,18.3,16.65,16.7,2384956,17.13,16.77,13.19,,13.88722471240347,19.501998780373,1.2963141637325715
76,16.78,17.23,16.29,16.41,1330130,16.99,16.86,13.34,,14.229287817849087,19.34073041169002,1.2708631520373879
77,16.15,16.61,15.92,16.04,1602612,16.73,16.89,13.5,,14.374056763839732,19.29057405969262,1.22937292689186
78,16.46,16.78,15.81,15.9,1850484,16.41,16.91,13.63,,14.459804356970958,19.20585894168335,1.2108462892567273
79,15.89,16.45,15.6714,16.44,382479,16.31,16.94,13.77,,14.560944481809425,19.154231727230066,1.1799715543098181
80,16.75,16.75,15.75,15.88,409900,16.2,16.89,13.9,,14.520254381269195,19.159817868132482,1.1671164432876884
81,15.6,15.69,14.5601,15.33,1039555,16.2,16.8,14.01,,14.249554570035563,19.252002026254733,1.178029554481425
82,15.13,15.69,14.64,14.81,1216645,16.1,16.68,14.13,,14.029295621953066,19.291059996251786,1.1688845863041804
83,14.65,14.93,13.77,14.01,630668,15.72,16.52,14.23,,13.6451502858912,19.397756120485937,1.168249972996739
84,14.0,14.3674,13.825,14.0,513066,15.42,16.37,14.33,,13.328047089811196,19.50235221052094,1.123546403496972
85,13.75,14.33,13.6304,14.28,393361,15.19,16.23,14.43,,13.010646835444918,19.586301930676278,1.0932645175329025
86,14.33,14.5899,13.6,14.15,497175,14.98,16.07,14.51,,12.736655739601154,19.563901390380995,1.0858813377091239
87,14.31,14.33,13.36,13.62,975142,14.72,15.87,14.58,,12.478661046509524,19.48934041661304,1.0776040993013294
88,13.91,14.14,13.11,14.04,634271,14.46,15.65,14.65,,12.311420546699848,19.2016656653582,1.0742038064940918
89,13.86,14.22,13.58,14.02,373509,14.25,15.41,14.72,,12.433570705715876,18.740844941211833,1.043189248887371
90,13.96,14.34,13.9,14.18,324166,14.12,15.26,14.81,,12.474981910504583,18.385293525961192,1.0001043025382732
91,14.11,14.195,13.35,13.55,995893,13.98,15.09,14.86,,12.362689567466033,18.259734858595067,0.9890254237855395
92,13.55,13.77,13.32,13.46,654445,13.92,15.0,14.88,,12.235655291344266,18.28102189610959,0.9505236078008581
93,13.49,13.57,12.77,12.995,860783,13.81,14.86,14.9,,12.023604812944985,18.23117712839564,0.9397719215293683
94,12.92,13.25,12.67,12.71,766435,13.64,14.63,14.93,,11.802612161255793,17.991602430298137,0.9140739271344135
95,13.04,13.47,12.77,13.32,824201,13.54,14.46,14.97,,11.776603121129224,17.432704933284036,0.9030686466248126
96,13.25,13.56,12.95,13.3,288913,13.51,14.3,14.99,,11.793885793549583,17.072290382886735,0.8821351718658975
97,13.24,13.56,13.11,13.39,438640,13.44,14.17,15.03,,11.836205861035477,16.803537067978162,0.8512683738754764
98,13.35,13.6,13.15,13.32,410480,13.36,14.04,15.05,,11.925763888024406,16.430558775194406,0.8226063471700852
99,13.5,14.615,13.49,14.58,523211,13.4,13.95,15.09,,12.09049582598608,16.104044583852794,0.8563487509436506
100,14.37,14.61,14.12,14.31,188850,13.49,13.87,15.14,,12.385165720525587,15.595739861076284,0.8301809830191041
101,14.36,14.49,13.92,14.01,360102,13.55,13.8,15.17,,12.45236949527628,15.360512730175724,0.8115966270891681
102,14.23,14.3,13.7315,13.84,223657,13.64,13.75,15.21,,12.564117848554796,15.057307163946604,0.7942325822970847
103,13.88,14.045,13.54,13.93,198192,13.78,13.75,15.24,,12.567373273086003,14.931121194839347,0.7735731121330073
104,13.8,14.325,13.7915,14.12,715564,13.87,13.76,15.27,,12.569236471510992,14.92610556777618,0.7564250326949354
105,14.25,15.08,13.97,14.79,1108898,14.03,13.78,15.28,,12.552330972342968,15.070816493925856,0.7816803875024401
106,14.93,14.9899,14.17,14.26,713490,14.13,13.79,15.28,,12.518651367277947,15.14802353459621,0.7844103598236944
107,14.36,14.46,14.0218,14.38,975012,14.25,13.83,15.26,,12.516712616760774,15.161674391741794,0.7596810484077163
108,14.28,14.87,14.11,14.82,975690,14.27,13.86,15.24,,12.542063663759611,15.250062895475011,0.759703830664308
109,14.57,15.04,14.42,14.73,1900788,14.32,13.9,15.22,,12.5047351058212,15.359526621623337,0.7497249856168574
110,15.03,15.46,14.9401,15.21,1369598,14.45,13.95,15.19,,12.39709262527579,15.544373748355248,0.7483160580727962
111,14.81,15.35,14.7297,15.09,1255270,14.59,14.03,15.15,,12.376506103019256,15.690295822215518,0.7391720539247394
112,14.91,15.05,14.57,15.0,1128839,14.71,14.11,15.1,,12.393721002343634,15.765515395905906,0.7235169072158295
113,14.85,15.72,14.85,15.61,1827226,14.88,14.24,15.07,,12.494241105657713,15.939127253202109,0.7339799852718417
114,15.75,16.18,15.285,15.46,1384308,14.95,14.37,15.04,,12.600507068897732,16.148019730632548,0.7454814148952815
115,15.62,15.65,15.17,15.4,625732,15.08,14.48,15.01,,12.747088943435761,16.21594298675636,0.7265184566884758
116,15.55,15.96,15.23,15.61,665973,15.21,14.59,14.97,,12.88575108167137,16.319419119548897,0.7267671383535848
117,15.5,15.94,15.43,15.91,545405,15.34,14.72,14.93,,13.003213224535324,16.37589567649253,0.7112837713283287
118,15.88,16.08,15.36,15.36,878332,15.41,14.82,14.87,,13.160849144861928,16.419089708279845,0.7119063590905909
119,15.22,15.3,14.77,14.905,813660,15.37,14.84,14.8,,13.299450149760887,16.434424168642863,0.7031987620126915
120,14.99,14.99,14.32,14.35,975348,15.29,14.84,14.74,,13.319661143548558,16.431239404583042,0.7008274218689278
121,14.14,14.292,13.89,14.0,932662,15.18,14.84,14.68,,13.314942559180649,16.446356227420527,0.6836254631640043
122,14.02,14.02,13.41,13.72,965360,14.97,14.83,14.65,,13.247177889206846,16.476624979146578,0.6783665015094325
123,13.75,13.85,13.46,13.5,1276364,14.75,14.81,14.6,,13.229835548234876,16.50287203008555,0.6577688942587586
124,13.51,13.51,12.88,13.25,1915610,14.51,14.77,14.52,,13.02226076463468,16.603872366618248,0.6557854018117044
125,13.14,13.38,12.8,12.85,940186,14.2,14.67,14.44,,12.795073221144587,16.701033605742126,0.6503721588251542
126,12.75,13.26,12.5,13.12,1529152,13.9,14.61,14.38,,12.501921997592303,16.785482733582985,0.6582027189090718
127,13.22,13.64,12.84,13.48,977540,13.69,14.57,14.33,,12.329670733291668,16.821261342665633,0.6683310961298524
128,13.4,13.73,13.165,13.55,1154520,13.54,14.51,14.28,,12.222475911200323,16.830843973338087,0.6609503035491489
129,13.01,13.49,12.93,13.03,1341436,13.39,14.42,14.21,,12.071949165242978,16.83546350297981,0.6580252818670669
130,13.05,13.43,12.95,13.17,1392958,13.3,14.32,14.16,,11.94576327957259,16.783778097983593,0.6453091903051337
131,13.09,13.3,12.67,12.895,818618,13.2,14.21,14.11,,11.786119593714645,16.73397623199297,0.6442156767119099
132,12.99,13.09,12.21,12.63,903140,13.11,14.09,14.06,,11.560441576894771,16.71347422024455,0.6610574140896306
133,12.29,12.47,11.8675,12.32,1194827,13.0,13.93,14.03,,11.309419000188171,16.629205979388303,0.6683033130832284
134,12.37,12.5,12.04,12.26,1175352,12.94,13.77,14.0,,11.172552267221,16.393933760582584,0.653424505005855
135,12.21,12.23,11.77,11.77,847614,12.79,13.58,13.95,,11.021238320050589,16.244310745778037,0.6417513260768655
136,11.82,12.21,11.8101,12.06,826556,12.63,13.41,13.9,,10.939793143841857,15.968168348691387,0.6273405170713752
137,12.15,12.58,12.08,12.42,582972,12.51,13.23,13.88,,11.002523729539424,15.598273665767532,0.6196733372805627
138,12.45,12.67,11.9,11.91,500633,12.38,13.06,13.84,,11.11882776374182,15.082916734748332,0.6304109560462368
139,11.95,12.39,11.94,12.05,479573,12.26,12.92,13.8,,11.208525433315632,14.736202573081306,0.6196673163286485
140,12.02,12.37,11.75,12.03,413545,12.16,12.8,13.75,,11.247774789866085,14.40869747914865,0.6196910794480307
141,11.98,12.01,11.57,11.91,506273,12.08,12.7,13.72,,11.227652699629003,14.261557557916705,0.6082845737731714
142,11.65,11.77,11.4,11.66,273748,12.01,12.59,13.69,,11.13711438677531,14.169739620356365,0.6012642470750876
143,11.66,11.87,11.44,11.66,492471,11.94,12.5,13.66,,11.099989567366647,14.065664973029417,0.5890310865697242
144,11.68,11.8,10.68,10.69,725351,11.82,12.37,13.62,,10.839341192393697,14.007425064741353,0.6269574375290298
145,10.6,10.7,10.17,10.45,941596,11.64,12.25,13.56,,10.482649599160435,14.113187600878142,0.6200319062769561
146,10.31,10.58,10.1986,10.3,902521,11.41,12.11,13.5,,10.191607071928747,14.181775537772126,0.6029867701143165
147,10.44,10.55,9.95,10.37,655101,11.24,11.96,13.44,,9.907202673492462,14.125169570094307,0.6027734293918654
148,10.44,10.79,10.22,10.69,1298194,11.08,11.81,13.39,,9.774188525386979,13.962444858742654,0.6004324701495892
149,10.59,10.92,10.4,10.61,1333593,10.93,11.69,13.31,,9.692840651246154,13.79516004549476,0.5946872937103329
150,10.66,10.74,10.18,10.46,1050154,10.77,11.56,13.23,,9.616283094925384,13.615397326032666,0.5922096298738806
151,10.12,10.65,10.12,10.55,412518,10.64,11.44,13.16,,9.535786971977796,13.429361075016242,0.5877660848828892
152,10.69,11.0,10.6,10.98,812156,10.57,11.36,13.11,,9.50971724895528,13.230074476905056,0.5779256502483971
153,11.0,11.4,10.72,10.97,1016303,10.6,11.29,13.05,,9.485738017553468,13.130319937686913,0.5852166752306546
154,11.06,11.16,10.87,11.01,568173,10.66,11.23,12.98,,9.49783081408987,13.011845028540701,0.5641297698570364
155,11.05,11.68,10.85,11.68,753033,10.81,11.22,12.92,,9.49729582363919,12.949071323616275,0.5831205005815339
156,11.78,11.93,11.5,11.6,457325,10.95,11.2,12.87,,9.514708348841738,12.911209133745752,0.5721833219685671
157,11.61,11.62,11.32,11.44,516957,11.03,11.15,12.81,,9.569495427162007,12.76901770752005,0.5527416561136694
158,11.4999,11.61,11.29,11.42,789827,11.12,11.13,12.74,,9.611176118614276,12.587064809051514,0.5361172521055503
159,11.45,11.81,11.45,11.49,489710,11.24,11.1,12.68,,9.658975840804542,12.481204120600953,0.5256803055265824
160,11.4,11.68,11.21,11.36,527013,11.33,11.07,12.6,,9.69762756750604,12.353910344147991,0.5217031408461121
161,11.3,11.66,11.09,11.17,669093,11.35,11.03,12.52,,9.723490797601329,12.298153470755343,0.5251529164999613
162,11.2,11.39,10.71,10.78,804520,11.33,10.98,12.44,,9.729432281702788,12.255443446984536,0.5362134224642499
163,10.87,11.06,10.6,10.76,533166,11.3,10.94,12.34,,9.739538609811193,12.17794961013358,0.5307696065739465
164,10.75,10.89,10.5,10.5,526015,11.17,10.93,12.24,,9.72616171769551,12.105351078490342,0.5207146346758075
165,10.52,11.25,10.52,11.15,1277255,11.12,10.96,12.16,,9.771460048228917,12.103278295155663,0.5370921607703927
166,11.25,11.44,11.0401,11.36,459646,11.11,11.02,12.07,,9.835692822550914,12.097890112957014,0.5272927207153646
167,11.25,11.2702,10.66,10.82,647309,11.04,11.04,11.97,,9.950849424801131,12.064014579997739,0.5396289549499814
168,10.81,11.14,10.61,10.62,1207499,10.95,11.04,11.87,,10.009015112208806,12.047975431510304,0.5389411724535542
169,10.38,10.53,10.11,10.21,1255771,10.82,11.02,11.78,,9.95375104365829,12.090823223698115,0.5368739458497289
170,10.14,10.36,9.85,10.23,1609088,10.71,11.0,11.7,,9.875741815296715,12.1426997735422,0.534954378289034
171,10.12,10.25,9.82,9.89,1329997,10.62,10.97,11.62,,9.806319217048005,12.198742560185275,0.5274576369826744
172,9.99,10.2399,9.81,9.99,974408,10.53,10.92,11.54,,9.677202704537272,12.260352685554057,0.5204892343410549
173,10.17,10.31,9.85,10.03,849670,10.48,10.88,11.47,,9.562827250054092,12.27745457104611,0.5161685747452653
174,10.0,10.4499,9.86,10.16,952880,10.37,10.83,11.41,,9.458070622410787,12.286867731812688,0.5214351051206035
175,9.73,10.14,9.55,9.99,1219987,10.22,10.75,11.35,,9.30328737137488,12.259196812771549,0.5277611690405604
176,9.95,10.1,9.47,9.6,1326136,10.08,10.65,11.28,,9.191097795162099,12.164742388711172,0.5350639426805203
177,10.49,11.48,10.1,11.18,1933602,10.14,10.64,11.24,,9.18665175336782,12.143134009260974,0.631130803917626
178,11.45,11.78,11.01,11.69,862090,10.31,10.65,11.2,,9.209595510894891,12.173616466524837,0.6410500322092241
179,11.93,12.02,11.32,11.66,1306120,10.47,10.66,11.17,,9.226427999605669,12.218222930128695,0.6452607441942795
180,11.32,11.74,10.89,11.17,928058,10.61,10.65,11.13,,9.250293146472837,12.228665787747286,0.659884976751831
181,11.44,11.66,11.11,11.47,1242929,10.77,10.66,11.1,,9.248544029788693,12.228665787747286,0.6520360498409861
182,11.77,12.38,11.51,12.1,1464278,11.0,10.73,11.09,,9.18506776217658,12.417585561281946,0.6704620462809157
183,12.02,12.64,11.75,12.6,981067,11.27,10.82,11.1,,9.104659143185673,12.673080906853006,0.6861433286894217
184,12.69,13.14,12.47,12.98,2098840,11.61,10.94,11.11,,8.934697004621732,13.025370350498418,0.6849902337830345
185,12.92,13.44,12.7962,13.21,1379802,12.01,11.05,11.14,,8.76825769740814,13.390540591419487,0.6820480742271033
186,13.19,13.6,12.82,12.92,1408518,12.2,11.13,11.16,,8.633800105902484,13.736030647147231,0.6890446403537388
187,13.0,13.97,12.9,13.85,1452120,12.44,11.28,11.19,,8.544180924708733,14.132432047871156,0.7162557374713289
188,14.16,14.76,13.96,14.01,1397388,12.7,11.45,11.23,,8.342127149405691,14.672086423802075,0.730094613366234
189,13.88,14.58,13.71,14.15,1350661,13.03,11.64,11.27,,8.313844117961514,15.073290768589859,0.7400878552686458
190,14.12,14.405,13.53,14.03,508160,13.32,11.83,11.31,,8.401029897627492,15.364148589221434,0.7497244370351711
191,14.28,14.32,13.21,13.29,806435,13.45,12.0,11.34,,8.56616199392693,15.57538310172911,0.7754584058183731
192,13.6,13.98,13.3,13.84,659905,13.59,12.2,11.38,,8.768462670520647,15.677757429948244,0.7693542339742038
193,13.61,14.57,13.61,14.57,667557,13.76,12.42,11.44,,8.98838009564108,15.829692275777624,0.7829717886903321
194,14.52,15.81,14.12,15.76,1183641,14.05,12.7,11.54,,9.219738529156619,16.183986141632772,0.8477595180695942
195,16.0,16.8,15.75,16.17,1167796,14.41,13.01,11.66,,9.383103995923264,16.63797628069484,0.862205266778909
196,16.1,16.17,15.33,15.88,721158,14.63,13.33,11.77,,9.762656623596962,16.791726961511507,0.8606191762947014
197,15.83,16.51,15.5001,16.46,847446,14.91,13.59,11.89,,10.068824562378815,17.112504486227046,0.8712820922736515
198,16.58,17.0,15.97,16.43,1496366,15.16,13.83,12.0,,10.200549947512155,17.49016134226521,0.8826190856826763
199,16.45,17.16,16.39,16.92,860132,15.48,14.09,12.13,12.95,10.301590492749163,17.83946767270146,0.8745748652767709
200,16.71,16.85,16.35,16.64,819639,15.85,14.36,12.25,12.92,10.591653140370887,18.01041823306659,0.8528195177570015
201,16.86,17.0,15.64,15.95,830461,16.09,14.59,12.36,12.89,10.983467813191918,18.107032021276446,0.8890466950600728
202,16.03,16.52,15.4,16.09,608928,16.26,14.79,12.46,12.85,11.364560684108042,18.14128863450756,0.9055433596986391
203,16.08,16.24,15.58,16.2,630533,16.3,14.97,12.57,12.82,11.747372339246198,18.10728435492609,0.8880045482915934
204,16.2,16.29,15.885,15.99,580779,16.28,15.12,12.67,12.8,12.007050695264011,18.090254084706885,0.8535042234136224
205,16.04,16.1,15.73,15.87,627083,16.28,15.25,12.75,12.78,12.250780485301377,18.045297890772517,0.8189682074555066
206,15.3,15.69,15.1,15.19,708438,16.14,15.36,12.82,12.8,12.53100644510617,17.952303569084574,0.8154704783515417
207,15.14,15.44,14.77,15.01,469920,15.98,15.42,12.9,12.81,12.812194857153681,17.871268283105636,0.8050797298978601
208,15.08,15.3,14.64,14.69,389912,15.74,15.46,12.96,12.81,12.890949386973954,17.854049588950236,0.794716892048013
209,14.66,14.68,14.2036,14.47,292887,15.5,15.47,13.02,12.83,12.96768347167826,17.846390077945443,0.7726942569017263
210,14.81,14.985,14.14,14.48,768199,15.33,15.5,13.08,12.85,13.074195580751304,17.80336283458972,0.7778589528373172
211,14.36,14.73,14.09,14.24,541851,15.13,15.54,13.14,12.87,13.255867981443613,17.76232026788635,0.7680118847775088
212,14.15,14.59,14.095,14.21,413984,14.91,15.56,13.21,12.9,13.429077192365758,17.678005811003644,0.7485110358648296
213,14.2,14.79,14.15,14.41,409120,14.73,15.55,13.29,12.94,13.542473998122535,17.65579954567243,0.7407602475887702
214,14.65,14.94,14.1401,14.34,591854,14.56,15.48,13.36,12.97,13.546159402406506,17.668363543313035,0.7449845156181437
215,14.35,15.19,14.34,14.65,531129,14.5,15.41,13.43,13.0,13.46409187141533,17.559827487840245,0.7524856216454192
216,14.36,15.17,14.25,15.05,580425,14.5,15.36,13.51,13.03,13.374406593983753,17.523450287658786,0.7644509343850322
217,15.16,15.73,15.015,15.61,259905,14.61,15.32,13.6,13.07,13.365851186982326,17.44865739759928,0.7609187247861013
218,15.71,15.71,15.03,15.16,412940,14.68,15.26,13.69,13.1,13.384545596048929,17.275917422618434,0.7551388158728085
219,14.79,15.41,14.63,15.19,386151,14.76,15.17,13.79,13.14,13.447838428609815,17.027304636470294,0.7569146147390365
220,15.43,16.14,15.28,15.88,892622,14.94,15.13,13.91,13.18,13.56108395920142,16.89158604148644,0.7707064279719626
221,15.87,16.165,15.77,15.92,747242,15.13,15.13,14.03,13.23,13.548024019998607,16.703434241285994,0.7438702545453938
222,15.96,16.45,15.96,16.23,283436,15.34,15.14,14.15,13.26,13.498722674448903,16.687769051811916,0.7285938077921513
223,16.44,16.44,15.61,15.92,368987,15.51,15.13,14.27,13.3,13.496675284778032,16.727145049213743,0.7358371072355692
224,15.93,16.11,15.535,15.89,705809,15.65,15.12,14.38,13.34,13.528137884179749,16.696153876570985,0.7243487424330285
225,16.45,16.47,15.82,15.95,804346,15.75,15.12,14.5,13.37,13.518837634354774,16.764418497903677,0.7190381179735265
226,15.9,16.1199,15.42,15.66,772160,15.76,15.15,14.62,13.41,13.5132268755389,16.813505474849265,0.7176711095468462
227,15.41,15.62,15.12,15.49,455697,15.79,15.17,14.71,13.44,13.525654452281751,16.82243192424418,0.7049803160077858
228,15.31,15.42,15.0625,15.27,356192,15.8,15.2,14.78,13.47,13.548194507229613,16.824889536223562,0.6851602934358011
229,15.49,15.66,15.27,15.31,460538,15.74,15.24,14.86,13.5,13.630921083151758,16.80823289306457,0.6640774153332439
230,15.1,15.73,14.75,15.0,502506,15.64,15.27,14.93,13.53,13.71224895152833,16.81239117235476,0.6866433142380123
231,15.03,15.5586,14.85,15.36,732997,15.54,15.32,15.01,13.56,13.817859584089174,16.776757309443102,0.6882116489352972
232,15.25,15.46,14.85,15.25,501397,15.46,15.38,15.07,13.59,13.9318751194655,16.703583792902872,0.6826251025827761
233,15.51,15.83,15.25,15.51,507898,15.42,15.43,15.13,13.62,14.066927437156455,16.655308505752917,0.6752947381125779
234,15.84,16.34,15.79,15.98,418085,15.43,15.51,15.19,13.66,14.209769022183702,16.67017138488416,0.6863451139616795
235,16.09,16.87,16.01,16.87,858489,15.56,15.62,15.26,13.69,14.31040404063747,16.816247642438196,0.7008918915358453
236,17.06,17.37,16.08,16.67,1162122,15.69,15.71,15.34,13.73,14.462160577121965,17.067501965405683,0.742971042140428
237,16.28,16.65,15.7,15.98,799156,15.77,15.72,15.38,13.76,14.498795834512967,17.138742135464057,0.7591873962732547
238,15.98,16.4,15.87,16.2,436405,15.87,15.78,15.43,13.78,14.532961962003732,17.167976018482474,0.7428168679680223
239,16.15,16.32,15.9,16.16,306392,16.0,15.82,15.47,13.81,14.657497397003853,17.163665092154435,0.7197585202560207
240,16.26,16.92,16.1844,16.81,546800,16.16,15.87,15.52,13.85,14.655242061936526,17.258849797700424,0.7226329116663051
241,16.71,17.18,16.51,17.17,530049,16.37,15.93,15.6,13.88,14.595199751058292,17.396817363845454,0.7188734179758546
242,17.23,17.46,16.74,17.1,1323528,16.55,15.98,15.66,13.9,14.515389615688566,17.56739266760809,0.7189538881204366
243,17.12,17.35,16.73,16.73,571775,16.63,16.02,15.71,13.93,14.463973288677845,17.696912345639063,0.7118857532546913
244,16.7,16.91,16.04,16.91,649541,16.64,16.07,15.73,13.96,14.480212162938995,17.755194311380272,0.7231796280222134
245,16.79,16.97,16.49,16.64,539772,16.63,16.1,15.74,13.98,14.46364574017351,17.804927398725408,0.7058096545920554
246,16.7,17.35,16.665,17.29,663342,16.78,16.18,15.77,14.01,14.469142303317764,17.920455856084097,0.7061089649783372
247,17.23,18.065,17.23,17.63,690976,16.94,16.29,15.79,14.04,14.468462497526506,18.149701401021172,0.7153154674798846
248,17.66,18.11,16.59,18.08,656724,17.15,16.43,15.82,14.07,14.569911593871952,18.322621264021915,0.7727929340884643
249,18.18,19.13,18.1001,18.715,793051,17.36,16.6,15.86,14.1,14.462381522243257,18.743595865261796,0.7925934387964312
250,18.67,19.0,17.77,18.2,928522,17.48,16.76,15.89,14.13,14.587437979261436,19.04541138294949,0.8238367645966861
251,18.07,18.26,17.27,17.95,1022341,17.57,16.89,15.93,14.16,14.791768398899016,19.116234037672555,0.8357055671254944
252,18.37,19.1,18.05,18.53,1042632,17.77,17.06,15.98,14.19,14.959582512000738,19.29493669837105,0.8581551694736735
253,18.4,19.17,18.26,19.05,591762,18.01,17.23,16.04,14.22,15.058562512881544,19.475560962357722,0.8618583716541255
254,19.19,20.12,19.02,19.07,660428,18.28,17.39,16.1,14.26,14.978633580566864,19.893971539293695,0.8788684879645452
255,19.2,19.98,18.8,19.21,572567,18.49,17.5,16.17,14.28,14.975360762150073,20.22773022647762,0.9003778816813635
256,19.51,19.6881,18.75,19.68,557741,18.72,17.66,16.26,14.31,15.014372068767715,20.46183730985636,0.9030723187041231
257,19.78,20.1,19.57,19.85,682357,18.92,17.85,16.35,14.33,15.057576964466445,20.716417359294912,0.876424295939543
258,19.55,20.0,19.41,19.5,474749,19.0,18.01,16.45,14.35,15.162004064071002,20.875675585817284,0.855965417658147
259,19.47,20.17,19.381,19.97,789564,19.2,18.2,16.56,14.37,15.320615567347883,20.99947000115814,0.8511821735397082
260,20.14,20.25,19.85,19.94,471843,19.42,18.36,16.67,14.38,15.424210960413358,21.151635268409205,0.8189548754297289
261,20.08,20.08,19.49,19.74,360729,19.56,18.49,16.78,14.4,15.556741226757566,21.255989721875004,0.8026009557561768
262,19.64,19.98,19.2,19.44,516300,19.6,18.61,16.88,14.41,15.701325016118718,21.33583706217789,0.8009866017735929
263,19.38,19.5,18.83,18.87,496238,19.58,18.71,16.97,14.42,15.881249720765421,21.320963897021397,0.7916304159326221
264,18.73,19.02,18.4,18.91,275361,19.54,18.81,17.06,14.43,16.238473887529857,21.175806370563308,0.7793711005088635
265,18.88,19.04,17.59,17.66,401520,19.32,18.86,17.12,14.43,16.44590053114132,20.98099986815798,0.8272731647582304
266,17.7,17.95,17.085,17.21,629940,19.03,18.86,17.17,14.43,16.537766936624635,20.879908935315356,0.829967938704071
267,17.4,17.55,16.88,17.04,397767,18.75,18.83,17.19,14.43,16.467767182428965,20.95711376697525,0.8185416573680661
268,16.79,17.08,16.24,16.24,437948,18.34,18.74,17.22,14.41,16.376321354684993,21.114706854395372,0.8200743961274899
269,16.54,17.16,16.5,16.65,380809,17.97,18.64,17.25,14.4,16.127169016173927,21.24042059548415,0.8272119392612408
270,16.32,16.83,16.1,16.68,208512,17.63,18.56,17.26,14.4,15.838118042371974,21.378727026866276,0.8202682293140091
271,16.98,17.21,16.58,17.11,244158,17.37,18.52,17.29,14.4,15.726544188104628,21.445701299761474,0.8066776415058657
272,16.9,17.35,16.67,16.96,235316,17.16,18.44,17.3,14.41,15.564729407878804,21.465777932814404,0.7976292385411611
273,16.88,16.89,16.51,16.59,282189,16.9,18.32,17.31,14.41,15.378389363085246,21.50226172077004,0.7727985786453638
274,16.46,17.67,16.35,17.05,622884,16.84,18.21,17.34,14.41,15.184178807137432,21.349300019812915,0.8118843944564094
275,17.39,17.77,16.95,17.76,260960,16.9,18.14,17.37,14.42,15.093387233867016,21.19400258896582,0.8124640805666659
276,17.67,18.255,17.51,18.24,401229,17.03,18.07,17.42,14.43,15.0645828223065,21.07102252448736,0.8076452176690467
277,18.17,18.7,18.02,18.59,275800,17.29,18.01,17.49,14.44,15.121304768969253,20.890959397838657,0.7985277021212578
278,18.52,18.62,18.17,18.37,370239,17.48,17.95,17.55,14.45,15.178913365744616,20.710967081310322,0.7736328662554537
279,18.39,18.93,18.07,18.9,142428,17.73,17.9,17.62,14.46,15.246478927898785,20.508892008129077,0.779801947237207
280,18.66,18.92,17.66,17.99,652640,17.83,17.8,17.68,14.48,15.40476357164943,20.26801251292475,0.8141018081488351
>>>>>>> 200SMA_doubleAgent
